100
1 -9974 1205
2 6401 495
3 -9077 2543
4 -4702 -3513
5 -9594 -5377
6 -7445 -3218
7 1609 2191
8 7283 -4000
9 7205 -6646
10 201 1914
11 -9191 775
12 7262 6782
13 7758 -7784
14 -4650 2617
15 -8840 7331
16 9683 -2471
17 -2765 1617
18 -6469 3445
19 -5780 7553
20 688 -832
21 -2264 -3442
22 5527 5933
23 -384 2691
24 6573 -1002
25 -9385 -7907
26 5538 5215
27 2769 1640
28 7160 3096
29 9654 -282
30 -4349 -5618
31 3426 -1239
32 7759 6165
33 8258 -5891
34 9324 -9936
35 -1943 -6150
36 3298 6509
37 -3773 -5550
38 -4815 -8237
39 525 3475
40 -360 5121
41 9230 4588
42 4652 -5696
43 -5494 1607
44 -1884 745
45 1548 -5701
46 -3937 1482
47 -5043 6658
48 -1869 3291
49 -5769 3245
50 7549 -8027
51 3580 4928
52 -4326 6026
53 6677 -9624
54 1858 4707
55 -2283 -4039
56 5604 -3389
57 9856 -8169
58 -9843 -7927
59 7002 7433
60 3459 -413
61 -37 5613
62 320 7613
63 9926 9104
64 -4285 3448
65 1631 5847
66 7920 -9451
67 7982 -3632
68 5956 -7096
69 8517 9862
70 3828 1785
71 890 7112
72 -3088 -3588
73 -7741 -3087
74 -2538 -1438
75 1282 -8243
76 -8987 -2481
77 -6267 -3693
78 8092 -5701
79 -8589 -3991
80 2422 3173
81 -9914 -98
82 4816 9020
83 7129 -7417
84 -3546 9199
85 -8142 5098
86 9397 -1879
87 4130 -6423
88 3102 -8595
89 1308 -8497
90 6875 -3565
91 -4630 -8087
92 7464 8876
93 326 8817
94 -3062 7263
95 7193 -8578
96 9180 615
97 -1530 6926
98 -6638 7892
99 9805 6905
100 5782 1625
