1
1 28063 -13510
2 -24384 -949
3 30951 -26869
4 27540 -32749
5 -16458 -24213
6 11861 8795
7 6859 21980
8 24225 -18131
9 1127 -2521
10 29298 -11869
11 -5970 10858
12 10878 6967
13 15522 -7862
14 -31835 20473
15 9686 -15729
16 -1092 -21097
17 9150 30248
18 -14389 -26670
19 16957 -8418
20 31317 -16083
21 8823 8909
22 -3385 871
23 17910 19931
24 31603 28107
25 25587 26401
26 32500 14061
27 -27125 24820
28 -24031 1243
29 -22616 26952
30 -4945 12098
31 -739 -12256
32 -16917 13870
33 7504 -13020
34 -31727 -22060
35 -30008 2913
36 -28612 29141
37 23325 -9163
38 -29833 1376
39 21889 28363
40 9466 -26393
41 -6644 743
42 11451 -17405
43 18276 11959
44 8332 21997
45 -19933 25048
46 -6343 -16918
47 -21323 18261
48 24636 1393
49 -30631 29319
50 -20854 -19296
51 25431 -12028
52 -22798 23827
53 16107 17156
54 -32530 -8993
55 -23500 13061
56 -18314 -27827
57 -31276 31519
58 -20545 -7556
59 13184 30684
60 21743 5767
61 -9845 18999
62 -22762 -25379
63 20450 1905
64 6846 6771
65 5522 -16628
66 8584 32575
67 30491 -4255
68 -31256 -7421
69 -21190 -26140
70 -18751 -15861
71 18813 28500
72 2504 -10203
73 5938 22976
74 22784 15635
75 -21388 15679
76 -24510 31755
77 -27153 -13379
78 3529 -16026
79 -20294 -7599
80 14967 16464
81 6672 16009
82 -1124 -26585
83 21862 24402
84 23389 -5059
85 14331 25840
86 -22954 4433
87 29602 -10101
88 -26405 27504
89 10745 2598
90 8781 -5848
91 -14214 10260
92 -27567 12415
93 5487 -11488
94 25713 12058
95 -30810 -23448
96 -28712 1519
97 -28651 31082
98 -7534 11533
99 -10975 6000
100 -14353 25608
101 -18648 -14384
102 30442 11257
103 20577 -1575
104 32713 29311
105 27625 -1678
106 -22912 27734
107 967 18541
108 11381 -25900
109 -7516 -15816
110 28209 29411
111 -4932 -2255
112 -5712 -18216
113 12875 -16731
114 -21765 7583
115 -6644 -18047
116 -11179 -23666
117 -6714 30038
118 26681 -5978
119 24535 12632
120 27184 -16929
121 -892 -15560
122 24791 18867
123 -31948 20667
124 29769 -12411
125 -15141 -24823
126 1968 16530
127 -3606 -15484
128 355 -12239
129 4969 -4643
130 -18544 31657
131 19556 -27511
132 -7154 8399
133 16344 18628
134 2390 -10233
135 7051 -8161
136 12369 -12302
137 15823 16445
138 15334 -3297
139 1960 17008
140 -7361 -7244
141 -21384 -5474
142 17061 -26192
143 -1584 -30613
144 -10146 5622
145 -10701 -23082
146 6389 -17488
147 32289 25436
148 -14576 8437
149 -29805 28441
150 -30519 23142
151 25297 10120
152 -17026 -25962
153 -16276 -8982
154 6298 -16336
155 -23668 -31147
156 10058 -876
157 -5203 -30853
158 25057 11647
159 -11000 9163
160 15969 -11969
161 11817 19460
162 -29643 21039
163 22660 21915
164 -11729 -1918
165 -3 13251
166 -7869 -22172
167 19759 -22925
168 -2126 -4342
169 -17650 -7539
170 -19267 -13795
171 -24648 -28317
172 2533 16317
173 -3199 -7655
174 2941 4690
175 14533 21472
176 -15638 -4453
177 20777 17137
178 -29426 -17343
179 -12892 8248
180 -8203 20084
181 -20339 -13010
182 24449 -19639
183 -30934 30965
184 -6256 -24816
185 25089 3402
186 18827 -11833
187 29183 14982
188 2298 20519
189 -25259 19877
190 -32529 2633
191 830 -8741
192 -789 -26053
193 10117 -7641
194 13294 -5676
195 -23462 -2310
196 -14559 -25267
197 27378 23660
198 -6475 30314
199 -11195 -14808
200 -8093 30794
201 -9615 -485
202 26607 -32455
203 -1997 11311
204 18812 -24456
205 31972 1305
206 -1148 5195
207 23155 -23985
208 -25959 20760
209 -12493 15286
210 15599 -18504
211 25576 32008
212 -25216 -26556
213 7517 -32220
214 5743 19340
215 28124 2469
216 -9538 28278
217 10796 -32533
218 -18268 -23425
219 -24184 4279
220 10491 -21564
221 -21016 22380
222 8953 -14363
223 20874 24817
224 20327 -26933
225 -26698 14158
226 23501 -786
227 -29275 -18729
228 -7525 5579
229 -4808 -9165
230 9240 2579
231 -5372 -17840
232 -12005 -2011
233 -20621 5294
234 -28260 -23021
235 -8982 -15116
236 23231 21211
237 -20722 9442
238 -20747 31022
239 -19585 27316
240 -7463 2146
241 -25328 9881
242 19628 9762
243 27414 -23599
244 30381 -18141
245 24069 -6666
246 -8412 -15957
247 -21409 -1193
248 -31815 -31574
249 11075 16144
250 -6861 7526
251 16695 2720
252 17347 -23571
253 2531 22146
254 -26579 -10827
255 20748 4841
256 6035 30024
257 13400 -15097
258 25197 -9140
259 26348 -12
260 9185 -18135
261 -28757 31547
262 -12048 4727
263 -23200 -16344
264 -19088 27731
265 -20134 14993
266 -26915 -4823
267 27933 -27916
268 -13283 29938
269 28717 21903
270 -6138 28676
271 -20436 -9763
272 -14800 -13788
273 -31563 -11591
274 16354 -15683
275 -10831 16853
276 14023 31938
277 21073 312
278 -3780 -13524
279 9482 -28136
280 -9155 -10646
281 10531 28182
282 -20269 5601
283 -10314 -11261
284 -12091 -23061
285 10019 7556
286 26801 -23251
287 -18618 16590
288 -26823 23482
289 18897 -3846
290 -31013 -16537
291 4970 10621
292 20329 -23934
293 16391 -6986
294 2531 -14155
295 -30332 12136
296 2851 -14046
297 14876 -30085
298 -13854 20674
299 -1473 3226
300 12060 18628
301 -21126 -12511
302 6103 -12722
303 32183 19763
304 -27051 9009
305 11693 -21146
306 32296 12532
307 -17010 5721
308 -8419 581
309 20839 -3159
310 16888 15484
311 2479 19633
312 -4126 -22953
313 -11331 -32287
314 13013 27131
315 85 3166
316 -29020 -18213
317 11397 12287
318 -4997 -11294
319 -24429 -2379
320 7436 -31066
321 -30585 17188
322 11551 -29443
323 6492 2253
324 16808 -1807
325 -22288 20820
326 -23242 -29994
327 395 -24123
328 -22421 1091
329 -14489 -11760
330 -8434 6159
331 -24356 -20766
332 10195 -22411
333 31177 -21156
334 -18381 29124
335 -27767 -17658
336 16202 26551
337 -17977 -9929
338 28998 -25292
339 -13290 -20055
340 -9698 -15016
341 -3403 -21796
342 -25440 22446
343 -27979 -17156
344 -23373 22789
345 -19908 21481
346 28957 2192
347 14905 -21942
348 -4189 30155
349 -24409 23334
350 13012 29158
351 -20765 22925
352 12946 -4039
353 -15326 10594
354 -19982 -16908
355 -6081 9104
356 6491 -5949
357 -15383 -14470
358 -18080 -6983
359 -16826 -11313
360 17416 -4629
361 -26803 24056
362 -25620 12252
363 -11412 -18962
364 7857 -27065
365 -8767 7698
366 -32053 5535
367 26990 15167
368 -22229 -30830
369 25994 29451
370 8935 16163
371 29969 25007
372 30711 2531
373 -22539 -12363
374 25940 27712
375 10111 7612
376 9550 -20005
377 -23322 6875
378 -9730 -28176
379 29600 8506
380 -21731 -9936
381 10469 -20950
382 -26006 27044
383 1888 22839
384 -29934 9143
385 -16750 -15404
386 -10811 13799
387 -10463 19058
388 -23646 -2485
389 9333 -11484
390 -17208 14270
391 4341 -27811
392 14100 10332
393 27696 17351
394 -1618 -2603
395 -16313 16470
396 -18782 -22432
397 -1148 2866
398 -15631 -25920
399 -20963 -4790
400 -27226 -17425
401 32695 -5875
402 24290 20263
403 3965 7492
404 17829 13188
405 -16713 -17618
406 -10770 -2582
407 25397 17789
408 -32404 -15341
409 11552 -16769
410 -29274 17598
411 -7677 -20928
412 25028 -31622
413 -16472 -7609
414 22578 30642
415 15663 733
416 18160 12021
417 28020 -17848
418 32518 11071
419 22911 31616
420 32762 29059
421 -11318 -542
422 -2668 28377
423 -3658 7078
424 -13669 12574
425 27494 11465
426 -10232 19302
427 18151 21543
428 17834 18569
429 -14740 23484
430 19094 -21291
431 18555 24611
432 4417 -24151
433 20082 -434
434 -13900 12937
435 1713 -15156
436 -29355 24065
437 14781 11074
438 22551 32390
439 24233 -19053
440 -10436 32461
441 -741 -11356
442 -31186 9259
443 26871 12008
444 3305 -16629
445 27213 -9776
446 -10154 2970
447 16685 -26978
448 -27285 4986
449 26398 2626
450 -20883 -20288
451 24488 -11418
452 4721 -10306
453 12686 -462
454 -30260 8728
455 14518 26572
456 -1210 -24197
457 11197 14844
458 27325 18909
459 -25277 32574
460 -10499 27183
461 -6047 -5228
462 -29268 -11437
463 -17632 -24440
464 -15869 29994
465 12070 -6019
466 -19878 14712
467 14519 6976
468 1391 -21565
469 5975 -21841
470 -509 7459
471 15787 32744
472 29970 2133
473 28882 13658
474 -4398 8805
475 -16987 -3558
476 7645 -12419
477 -1492 -28447
478 11780 -14948
479 -14972 -24356
480 10545 -10034
481 -29144 -25366
482 16207 -20488
483 8722 23489
484 -21698 -3860
485 461 -12454
486 5366 -12563
487 -4151 -31009
488 -8275 29662
489 -28471 -4052
490 8228 3924
491 -5355 3349
492 32258 30536
493 -14686 22873
494 -22458 -13534
495 -11775 19234
496 16128 -7162
497 21554 -30124
498 6568 -4881
499 31236 -18255
500 -20487 22225
501 12330 -22665
502 -3431 -30651
503 21351 -24182
504 1424 5582
505 8226 -32237
506 -4350 1190
507 15703 22939
508 12396 22755
509 -32678 13856
510 15973 10632
511 19218 11735
512 -15451 1638
513 2170 -1921
514 32037 -9188
515 -19017 16785
516 6772 -29766
517 16858 -63
518 -22199 -15024
519 29480 -18879
520 15528 28515
521 -6174 -18392
522 5188 7458
523 -8525 18257
524 21259 30424
525 -2407 8633
526 26377 -22735
527 -8846 22842
528 18589 -21612
529 -7235 7131
530 -18179 13578
531 -933 -3557
532 -5901 -23346
533 18055 31087
534 -24416 -27733
535 27878 6337
536 17493 30570
537 4933 -1143
538 -20333 25105
539 -11220 29897
540 -26217 24735
541 23055 -25573
542 -20538 -27279
543 11826 -28432
544 -30630 14387
545 -19524 15022
546 7359 19411
547 16540 -29293
548 28210 -13640
549 -6445 -14335
550 -8846 -17485
551 -13149 1398
552 -16983 -26426
553 21364 -10115
554 -23472 26356
555 29831 -28886
556 -9758 -1677
557 16757 -4628
558 10655 -30060
559 4106 10424
560 16766 -17443
561 5210 -27442
562 31682 -6589
563 -2707 -9031
564 22060 -514
565 27626 26451
566 29159 24853
567 2509 22285
568 -27926 3774
569 9101 25954
570 -13403 32135
571 -9664 -7524
572 24730 -24473
573 -30790 -361
574 -8276 28122
575 17639 19257
576 -9737 -27391
577 31331 24325
578 23692 -21395
579 3849 6014
580 14309 -20664
581 11744 7732
582 3086 -19244
583 -32755 -21558
584 -16180 10204
585 1761 29789
586 -24374 2132
587 -24621 -32396
588 -20291 -9315
589 31186 -12135
590 1389 25391
591 -28934 32668
592 10104 -18679
593 -21657 -29650
594 5250 -21503
595 -21130 -25733
596 -2279 -23706
597 -3073 -22279
598 -29655 19873
599 19774 -8601
600 5489 30174
601 -32244 -19241
602 -7976 -30450
603 -23414 22258
604 31320 -22191
605 -11701 -31911
606 20731 26283
607 -15085 25728
608 23134 13823
609 27350 10341
610 12660 15838
611 5329 18047
612 28624 -465
613 392 -6843
614 -13328 -26074
615 32422 -31828
616 14763 -31005
617 12105 -22422
618 26184 18990
619 4269 10332
620 -22901 -30780
621 -4855 -7383
622 -689 27475
623 28415 13700
624 15464 -30101
625 -19755 -17058
626 -30836 -31959
627 11141 7802
628 9790 23377
629 -16774 -2886
630 -8178 -27075
631 19394 3259
632 5926 -15131
633 579 16457
634 17266 -2225
635 -27191 -17726
636 -27117 15146
637 -20507 7055
638 12748 -14312
639 21715 22201
640 -25698 31123
641 14812 -26356
642 4188 -13892
643 1150 -21172
644 26743 -20101
645 19722 32631
646 -14449 1871
647 -8696 -32226
648 31665 15951
649 22364 -16581
650 2295 -24798
651 -13202 -4086
652 8582 5926
653 5789 30096
654 -800 27085
655 27627 747
656 -16070 -5096
657 11091 20487
658 28457 3628
659 32310 27078
660 236 15806
661 13135 31668
662 25985 28742
663 -3279 -8281
664 19391 -10701
665 -22982 -12976
666 23420 27933
667 22243 16760
668 -202 1980
669 881 -6897
670 -10923 -4660
671 19827 29544
672 -13925 -13837
673 5956 15267
674 10432 22068
675 6060 17891
676 -12897 -14646
677 11225 11293
678 -26135 -2974
679 -6198 -14682
680 4249 4308
681 -13193 9845
682 -855 26385
683 11508 -13236
684 4886 -2911
685 -24386 -31321
686 -1527 -30253
687 -12167 8850
688 -19610 13428
689 -9495 9102
690 2719 27118
691 -18886 -26846
692 3011 32204
693 -31884 -14241
694 -11726 -30419
695 11199 29322
696 9982 3245
697 -20421 21526
698 15876 17764
699 23686 -23401
700 -23965 17871
701 -29138 31733
702 -31454 -32090
703 30000 1736
704 -27786 28424
705 17182 -2159
706 -17163 28923
707 -27246 -19730
708 30909 5776
709 4741 -32478
710 -31800 -5546
711 28959 22670
712 18326 -19651
713 10959 -14637
714 -18482 310
715 13349 773
716 -26219 25380
717 25671 -25831
718 1392 3147
719 -6951 -2513
720 10604 17258
721 -30147 17147
722 -15311 -17088
723 16453 -27452
724 30696 -9977
725 -3040 18872
726 -10749 9543
727 -25738 27459
728 11950 7793
729 -7828 -10978
730 4702 2660
731 7976 -15571
732 7220 12915
733 -981 -18561
734 23750 -1532
735 -6840 -2985
736 -27960 22077
737 -21669 18393
738 -11715 14277
739 31474 -17191
740 28492 31671
741 -19657 12640
742 -21660 19120
743 -16633 17753
744 7062 -3708
745 -18083 24532
746 6042 5382
747 20959 -31369
748 -32465 20782
749 654 -5559
750 -19207 -13155
751 -28170 25409
752 -11067 3026
753 -5210 31015
754 3629 5821
755 7221 16256
756 4270 -12836
757 14373 -27091
758 -7477 32717
759 25359 -22803
760 12991 5835
761 4083 24500
762 -2447 14195
763 -2317 8038
764 27971 468
765 6146 23564
766 23513 29605
767 -25965 4572
768 -22360 15540
769 7272 -29345
770 17618 -11031
771 29775 21898
772 -10401 -8635
773 -17839 -26238
774 -29401 -9796
775 27545 19408
776 2180 24773
777 28196 9111
778 30848 -8891
779 -19760 -19932
780 4201 -10915
781 -4385 -7234
782 15738 13816
783 456 6350
784 -1644 2608
785 -21048 -6403
786 17475 -30356
787 -17519 24955
788 -18728 31442
789 -8560 -2150
790 -21102 17792
791 -8625 626
792 -29533 26846
793 -12325 -9653
794 -7241 -3124
795 -10937 3187
796 1861 -32264
797 -1646 -11370
798 -26345 18174
799 -13968 -28636
800 30978 3812
801 26927 28978
802 -6914 -6099
803 29857 -10382
804 -9878 -1988
805 19410 -7268
806 -21862 20638
807 24770 11160
808 -17795 -9572
809 -13362 -98
810 26571 -9021
811 13365 12662
812 -22094 14863
813 -25173 -9539
814 -21669 -18755
815 25174 1645
816 24842 -30588
817 2082 12563
818 -29226 -14154
819 31276 9389
820 -8516 12360
821 -29947 29649
822 -21874 252
823 -30871 -22431
824 -20251 -5577
825 -25782 29425
826 -17497 -2736
827 -26114 15063
828 -5345 -3307
829 -6426 14798
830 -17718 28419
831 -26780 18449
832 -19896 -16397
833 -19740 -21945
834 8088 -7715
835 -25420 32274
836 -3800 -22670
837 24897 10876
838 6527 -30755
839 20462 2279
840 18650 31358
841 -23355 18042
842 -22441 -29013
843 -29507 12356
844 22454 19159
845 -2733 16247
846 18260 -19646
847 15401 14561
848 13151 26944
849 12218 27406
850 31161 -25994
851 19130 27133
852 13524 23120
853 6599 -20373
854 -7251 30894
855 12688 4567
856 -1257 -23138
857 -28500 22935
858 29709 -24574
859 -30209 5431
860 -4217 15519
861 27914 -24075
862 -25949 -7479
863 29856 -27286
864 -17656 -4553
865 -14386 7534
866 15728 -6412
867 31788 -9254
868 -26503 -4289
869 4404 24429
870 -15817 18123
871 23605 10542
872 -26779 -16103
873 24199 14602
874 -24578 5554
875 29068 27050
876 -10007 31968
877 23630 -6715
878 -21360 -29184
879 14126 31724
880 -17147 755
881 -17411 18647
882 -8567 -25877
883 -31594 -32764
884 31973 -5724
885 20329 23954
886 27538 -13036
887 -14080 -23358
888 10165 7963
889 -6158 -9961
890 -3069 14293
891 14298 -3926
892 23118 -25163
893 31559 1450
894 21182 10865
895 20275 31469
896 6664 -15528
897 7279 6731
898 -11744 24325
899 -12369 -8412
900 -807 -13141
901 21077 -1688
902 -23591 26772
903 25473 -7528
904 9712 17554
905 -8483 -14344
906 -22787 23517
907 -17663 -1615
908 18013 -2976
909 28104 3830
910 -2166 32409
911 -7887 -4443
912 -19657 -10217
913 8207 7251
914 -2000 32265
915 -2117 24163
916 -11580 6921
917 -22017 -27503
918 -27862 -10531
919 17794 21802
920 -21183 17662
921 -7855 19935
922 19432 21014
923 12410 30657
924 4810 -10106
925 -4841 5625
926 27862 -9495
927 -20461 -4069
928 -19175 -18976
929 -31809 16131
930 4377 31905
931 29794 5382
932 28044 2204
933 -24939 8777
934 32050 20354
935 -16483 -5929
936 7863 13631
937 -3006 -1265
938 -2128 1384
939 -26001 3008
940 -27556 -18637
941 22908 -17020
942 -29434 31777
943 -6920 3725
944 -15412 19581
945 -14452 -26557
946 7595 -31656
947 4121 -24948
948 -10817 -23883
949 -8135 -27196
950 -28187 -30242
951 6251 -1218
952 -14405 -24397
953 -18186 -11858
954 -10745 -1583
955 6237 -12590
956 -3705 -7684
957 -2112 -23741
958 -21215 30947
959 -3039 -1263
960 7108 -18936
961 1975 6568
962 -27783 -17896
963 2282 -12685
964 12400 14157
965 23184 -29904
966 -31725 12890
967 -21140 -4350
968 9482 -202
969 -26402 -14009
970 863 20061
971 -25391 -3549
972 -22160 21227
973 24091 10056
974 -9822 22769
975 -14349 3702
976 -29268 28202
977 -18575 -23490
978 29340 -21742
979 7477 19923
980 8382 21023
981 -1689 22104
982 12105 15212
983 -13854 10839
984 6273 32248
985 -24009 20733
986 31759 -11813
987 -24658 -32530
988 21261 -21874
989 -32538 8270
990 -9285 -1641
991 -23569 2981
992 2461 -1210
993 -13245 -26843
994 -5887 25831
995 26069 -16001
996 -5106 2146
997 -22352 -23337
998 7790 17551
999 -12236 -22731
1000 8828 -29903
