200
0 197 197
1 484 491
2 249 255
3 46 297
4 74 396
5 178 106
6 338 436
7 495 136
8 35 314
9 215 405
10 356 279
11 464 447
12 235 8
13 371 178
14 69 258
15 341 485
16 320 327
17 259 286
18 492 85
19 123 221
20 348 396
21 37 108
22 281 17
23 75 8
24 122 386
25 83 90
26 390 481
27 320 160
28 203 111
29 440 150
30 84 27
31 429 241
32 426 231
33 215 351
34 126 119
35 268 326
36 447 74
37 69 65
38 142 117
39 213 297
40 345 488
41 459 273
42 299 218
43 149 20
44 396 404
45 10 182
46 373 67
47 451 69
48 63 298
49 146 489
50 273 458
51 178 255
52 339 20
53 227 226
54 441 134
55 401 450
56 318 146
57 35 300
58 429 115
59 198 242
60 429 230
61 242 449
62 260 452
63 68 73
64 343 420
65 140 396
66 36 52
67 385 261
68 288 331
69 147 462
70 146 89
71 308 495
72 151 82
73 294 253
74 339 184
75 392 283
76 20 168
77 319 324
78 358 379
79 151 437
80 442 189
81 42 196
82 431 241
83 132 342
84 426 71
85 60 145
86 209 354
87 206 5
88 355 294
89 477 67
90 305 93
91 491 482
92 448 71
93 450 374
94 421 432
95 177 354
96 405 469
97 488 210
98 226 415
99 36 73
100 181 75
101 418 3
102 262 189
103 274 326
104 470 244
105 311 411
106 51 289
107 466 187
108 93 455
109 366 59
110 494 278
111 262 131
112 70 359
113 369 185
114 101 188
115 120 342
116 386 149
117 235 265
118 153 205
119 369 389
120 439 401
121 353 379
122 249 413
123 161 291
124 398 180
125 92 303
126 497 475
127 233 84
128 146 429
129 369 30
130 256 189
131 49 82
132 399 99
133 276 282
134 215 136
135 450 199
136 236 236
137 414 462
138 91 457
139 294 265
140 409 270
141 176 191
142 139 197
143 254 342
144 442 17
145 162 348
146 71 238
147 127 304
148 414 470
149 104 102
150 226 332
151 190 274
152 432 191
153 332 109
154 413 497
155 22 125
156 37 20
157 385 466
158 270 205
159 398 344
160 292 468
161 477 439
162 375 471
163 333 28
164 25 310
165 497 470
166 416 266
167 329 477
168 199 208
169 196 202
170 36 265
171 380 199
172 222 464
173 316 104
174 264 415
175 413 74
176 438 57
177 73 495
178 478 448
179 288 123
180 322 402
181 331 289
182 227 30
183 318 413
184 42 236
185 392 12
186 262 345
187 306 360
188 273 136
189 88 474
190 171 363
191 419 365
192 147 138
193 424 405
194 141 8
195 215 232
196 296 0
197 203 427
198 357 68
199 249 68
