150
1 33 178
2 66 486
3 15 91
4 3 306
5 94 214
6 67 386
7 86 84
8 67 257
9 15 486
10 82 310
11 0 200
12 84 122
13 93 145
14 43 164
15 63 385
16 95 380
17 2 84
18 90 44
19 40 183
20 62 476
21 39 140
22 55 186
23 6 179
24 61 373
25 44 2
26 55 177
27 14 425
28 79 63
29 4 499
30 68 65
31 21 183
32 6 205
33 62 466
34 57 66
35 56 395
36 8 363
37 13 32
38 63 327
39 8 357
40 95 337
41 40 303
42 61 257
43 79 482
44 9 286
45 67 246
46 72 353
47 33 171
48 48 93
49 88 195
50 80 389
51 40 120
52 60 379
53 79 157
54 70 163
55 53 457
56 40 251
57 11 118
58 32 412
59 67 85
60 26 81
61 62 435
62 68 290
63 39 357
64 88 180
65 26 95
66 41 99
67 91 389
68 11 464
69 2 380
70 16 296
71 86 228
72 51 89
73 37 170
74 96 455
75 4 83
76 64 110
77 75 405
78 91 286
79 63 426
80 95 238
81 54 319
82 15 465
83 27 143
84 67 426
85 18 16
86 2 48
87 14 21
88 21 386
89 65 237
90 74 378
91 32 6
92 69 59
93 57 21
94 9 303
95 85 238
96 91 67
97 57 7
98 2 8
99 82 462
100 79 406
101 99 478
102 27 417
103 88 401
104 92 277
105 49 355
106 49 158
107 17 486
108 28 22
109 99 439
110 83 415
111 32 488
112 3 140
113 55 322
114 35 426
115 17 333
116 40 374
117 53 397
118 15 389
119 83 499
120 84 464
121 43 317
122 97 253
123 73 366
124 46 350
125 94 302
126 0 249
127 25 48
128 75 419
129 3 489
130 5 369
131 72 384
132 60 403
133 23 198
134 18 163
135 60 428
136 59 14
137 72 243
138 27 37
139 37 59
140 34 67
141 6 47
142 12 76
143 1 468
144 92 41
145 62 219
146 96 235
147 79 152
148 22 398
149 95 329
150 85 119
