100
1 32 58
2 432 20
3 43 67
4 121 48
5 455 96
6 152 21
7 408 36
8 138 64
9 357 60
10 366 42
11 268 11
12 476 45
13 185 2
14 6 6
15 261 8
16 470 1
17 424 24
18 214 33
19 447 49
20 285 82
21 80 15
22 365 48
23 255 83
24 249 78
25 398 59
26 145 99
27 23 19
28 288 20
29 465 67
30 265 86
31 108 42
32 413 41
33 384 30
34 36 73
35 188 5
36 278 4
37 343 55
38 40 12
39 224 65
40 235 18
41 139 10
42 60 11
43 296 40
44 9 94
45 78 9
46 443 79
47 178 63
48 376 83
49 285 20
50 291 23
51 374 98
52 173 93
53 133 45
54 251 52
55 189 94
56 293 83
57 481 17
58 57 66
59 109 54
60 420 8
61 253 69
62 316 80
63 107 46
64 487 37
65 445 26
66 278 76
67 249 91
68 298 53
69 284 33
70 243 52
71 120 46
72 447 66
73 198 3
74 21 30
75 124 81
76 165 69
77 471 71
78 335 98
79 167 72
80 129 81
81 169 31
82 438 6
83 86 89
84 236 57
85 350 87
86 139 77
87 287 5
88 439 21
89 51 14
90 446 49
91 295 4
92 71 41
93 123 27
94 56 15
95 194 61
96 443 47
97 174 72
98 315 63
99 59 96
100 400 32
