ZAPISANE ITERACJE: 
Iteracja[5]:
Obecna Iteracja 
92 63 6 49 90 10 84 72 21 74 59 17 15 11 32 91 98 23 45 47 93 28 67 58 61 25 81 69 73 50 44 2 54 40 64 68 85 39 30 96 78 52 5 37 33 76 13 95 82 48 100 71 41 14 3 46 29 43 34 55 83 27 86 35 20 57 7 9 87 51 12 60 62 77 1 8 42 89 31 80 56 97 75 19 53 79 18 24 38 36 99 94 22 16 88 70 66 65 26 4 
Odleglosc: 25144
Najlepsza Iteracja 
92 63 6 49 90 10 84 72 21 74 59 17 15 11 32 91 98 23 45 47 93 28 67 58 61 25 81 69 73 50 44 2 54 40 64 68 85 39 30 96 78 52 5 37 33 76 13 95 82 48 100 71 41 14 3 46 29 43 34 55 83 27 86 35 20 57 7 9 87 51 12 60 62 77 1 8 42 89 31 80 56 97 75 19 53 79 18 24 38 36 99 94 22 16 88 70 66 65 26 4 
Odleglosc: 25144

ZAPISANE ITERACJE: 
Iteracja[10]:
Obecna Iteracja 
92 63 6 49 90 10 84 72 21 74 59 17 15 11 32 91 98 23 45 47 93 28 67 58 61 25 81 69 73 50 44 2 54 40 64 68 85 39 30 96 78 52 5 37 33 76 13 95 82 48 100 71 41 14 3 43 46 29 34 55 83 27 86 35 20 12 7 9 87 51 57 62 60 77 1 8 42 89 31 80 56 97 75 19 53 79 18 24 38 36 99 94 22 16 88 70 66 26 65 4 
Odleglosc: 24479.8
Najlepsza Iteracja 
92 63 6 49 90 10 84 72 21 74 59 17 15 11 32 91 98 23 45 47 93 28 67 58 61 25 81 69 73 50 44 2 54 40 64 68 85 39 30 96 78 52 5 37 33 76 13 95 82 48 100 71 41 14 3 43 46 29 34 55 83 27 86 35 20 12 7 9 87 51 57 62 60 77 1 8 42 89 31 80 56 97 75 19 53 79 18 24 38 36 99 94 22 16 88 70 66 26 65 4 
Odleglosc: 24479.8

ZAPISANE ITERACJE: 
Iteracja[20]:
Obecna Iteracja 
92 63 6 49 90 10 84 72 21 74 59 15 17 11 32 45 23 98 91 47 93 28 67 58 61 25 81 69 73 50 44 2 54 40 64 68 85 39 30 96 52 78 5 37 33 76 13 95 82 48 100 41 71 14 3 43 46 29 34 83 55 27 35 86 20 12 7 9 57 87 51 62 60 77 1 8 42 89 31 80 56 97 75 19 53 79 18 24 38 36 99 94 88 16 22 70 66 26 65 4 
Odleglosc: 24169.7
Najlepsza Iteracja 
92 63 6 49 90 10 84 72 21 74 59 17 15 11 32 45 23 98 91 47 93 28 67 58 61 25 81 69 73 50 44 2 54 40 64 68 85 39 30 96 78 52 5 37 33 76 13 95 82 48 100 41 71 14 3 43 46 29 34 83 55 27 35 86 20 12 7 9 57 87 51 62 60 77 1 8 42 89 31 80 56 97 75 19 53 79 18 24 38 36 99 94 88 16 22 70 66 26 65 4 
Odleglosc: 24134.2

ZAPISANE ITERACJE: 
Iteracja[50]:
Obecna Iteracja 
92 63 6 49 90 10 84 72 21 74 59 15 17 11 32 45 23 98 91 47 93 28 67 58 61 25 81 69 73 50 44 2 54 40 64 68 85 39 30 96 52 78 5 37 33 76 13 95 82 48 100 41 71 14 3 43 46 29 34 83 55 27 35 86 20 12 7 9 57 87 51 62 60 77 1 8 42 89 31 80 56 97 75 19 53 79 18 24 38 36 99 94 88 16 22 70 66 26 65 4 
Odleglosc: 24169.7
Najlepsza Iteracja 
92 63 6 49 90 10 84 72 21 74 59 17 15 11 32 45 23 98 91 47 93 28 67 58 61 25 81 69 73 50 44 2 54 40 64 68 85 39 30 96 78 52 5 37 33 76 13 95 82 48 100 41 71 14 3 43 46 29 34 83 55 27 35 86 20 12 7 9 57 87 51 62 60 77 1 8 42 89 31 80 56 97 75 19 53 79 18 24 38 36 99 94 88 16 22 70 66 26 65 4 
Odleglosc: 24134.2

ZAPISANE ITERACJE: 
Iteracja[100]:
Obecna Iteracja 
92 63 6 49 90 10 84 72 21 74 59 15 17 11 32 45 23 98 91 47 93 28 67 58 61 25 81 69 73 50 44 2 54 40 64 68 85 39 30 96 52 78 5 37 33 76 13 95 82 48 100 41 71 14 3 43 46 29 34 83 55 27 35 86 20 12 7 9 57 87 51 62 60 77 1 8 42 89 31 80 56 97 75 19 53 79 18 24 38 36 99 94 88 16 22 70 66 26 65 4 
Odleglosc: 24169.7
Najlepsza Iteracja 
92 63 6 49 90 10 84 72 21 74 59 17 15 11 32 45 23 98 91 47 93 28 67 58 61 25 81 69 73 50 44 2 54 40 64 68 85 39 30 96 78 52 5 37 33 76 13 95 82 48 100 41 71 14 3 43 46 29 34 83 55 27 35 86 20 12 7 9 57 87 51 62 60 77 1 8 42 89 31 80 56 97 75 19 53 79 18 24 38 36 99 94 88 16 22 70 66 26 65 4 
Odleglosc: 24134.2

ZAPISANE ITERACJE: 
Iteracja[500]:
Obecna Iteracja 
6 63 92 49 90 10 84 72 21 74 59 17 15 11 32 45 23 98 91 47 93 28 67 58 61 25 81 69 73 50 44 2 54 40 64 68 85 39 30 96 78 52 5 37 33 76 13 95 82 48 100 71 41 14 3 43 46 29 34 83 55 27 35 86 20 12 7 9 57 87 51 62 60 77 1 8 42 89 31 80 56 97 75 19 53 79 18 24 38 36 99 94 88 16 22 70 66 26 65 4 
Odleglosc: 24454.5
Najlepsza Iteracja 
92 63 6 49 90 10 84 72 21 74 59 17 15 11 32 45 23 98 91 47 93 28 67 58 61 25 81 69 73 50 44 2 54 40 64 68 85 39 30 96 78 52 5 37 33 76 13 95 82 48 100 41 71 14 3 43 46 29 34 83 55 27 35 86 20 12 7 9 57 87 51 62 60 77 1 8 42 89 31 80 56 97 75 19 53 79 18 24 38 36 99 94 88 16 22 70 66 26 65 4 
Odleglosc: 24134.2

ZAPISANE ITERACJE: 
Iteracja[1000]:
Obecna Iteracja 
92 63 6 49 90 10 84 72 21 74 59 17 15 11 32 45 23 98 91 47 93 28 67 58 61 25 81 69 73 50 44 2 54 40 64 68 85 39 30 96 78 52 5 37 33 76 13 95 82 48 100 71 41 14 3 46 43 29 34 83 55 27 35 86 20 12 7 9 57 87 51 62 60 77 1 8 42 89 31 80 56 97 75 19 53 79 18 24 38 36 99 94 88 16 22 70 66 26 65 4 
Odleglosc: 24304.4
Najlepsza Iteracja 
92 63 6 49 90 10 84 72 21 74 59 17 15 11 32 45 23 98 91 47 93 28 67 58 61 25 81 69 73 50 44 2 54 40 64 68 85 39 30 96 78 52 5 37 33 76 13 95 82 48 100 41 71 14 3 43 46 29 34 83 55 27 35 86 20 12 7 9 57 87 51 62 60 77 1 8 42 89 31 80 56 97 75 19 53 79 18 24 38 36 99 94 88 16 22 70 66 26 65 4 
Odleglosc: 24134.2

ZAPISANE ITERACJE: 
Iteracja[2000]:
Obecna Iteracja 
92 63 6 49 90 10 84 72 21 74 59 15 17 11 32 45 23 98 91 47 93 28 67 58 61 25 81 69 73 50 44 2 54 40 64 68 85 39 30 96 52 78 5 37 33 76 13 95 82 48 100 41 71 14 3 43 46 29 34 83 55 27 35 86 20 12 7 9 57 87 51 62 60 77 1 8 42 89 31 80 56 97 75 19 53 79 18 24 38 36 99 94 88 16 22 70 66 26 65 4 
Odleglosc: 24169.7
Najlepsza Iteracja 
92 63 6 49 90 10 84 72 21 74 59 17 15 11 32 45 23 98 91 47 93 28 67 58 61 25 81 69 73 50 44 2 54 40 64 68 85 39 30 96 78 52 5 37 33 76 13 95 82 48 100 41 71 14 3 43 46 29 34 83 55 27 35 86 20 12 7 9 57 87 51 62 60 77 1 8 42 89 31 80 56 97 75 19 53 79 18 24 38 36 99 94 88 16 22 70 66 26 65 4 
Odleglosc: 24134.2

ZAPISANE ITERACJE: 
Iteracja[3000]:
Obecna Iteracja 
92 63 6 49 90 10 84 72 21 74 59 17 15 11 32 45 23 98 91 47 93 28 67 58 61 25 81 69 73 50 44 2 54 40 64 68 85 39 30 96 78 52 5 37 33 76 13 95 82 48 100 71 41 14 3 43 46 29 34 83 55 27 35 86 7 12 20 9 57 87 51 62 60 77 1 8 42 89 31 80 56 97 75 19 53 79 18 24 38 36 99 94 88 16 22 70 66 26 65 4 
Odleglosc: 24591.7
Najlepsza Iteracja 
92 63 6 49 90 10 84 72 21 74 59 17 15 11 32 45 23 98 91 47 93 28 67 58 61 25 81 69 73 50 44 2 54 40 64 68 85 39 30 96 78 52 5 37 33 76 13 95 82 48 100 41 71 14 3 43 46 29 34 83 55 27 35 86 20 12 7 9 57 87 51 62 60 77 1 8 42 89 31 80 56 97 75 19 53 79 18 24 38 36 99 94 88 16 22 70 66 26 65 4 
Odleglosc: 24134.2

L. iteracji | Czas Tabo | Czas dywersyfikacji | L. zmian w dywersyfikacji | Mno¿nik kary Tabo | Precision | Shuffle try
3500:300:150:5:1.00110:70
24134.2:24134.2
92 63 6 49 90 10 84 72 21 74 59 17 15 11 32 45 23 98 91 47 93 28 67 58 61 25 81 69 73 50 44 2 54 40 64 68 85 39 30 96 78 52 5 37 33 76 13 95 82 48 100 41 71 14 3 43 46 29 34 83 55 27 35 86 20 12 7 9 57 87 51 62 60 77 1 8 42 89 31 80 56 97 75 19 53 79 18 24 38 36 99 94 88 16 22 70 66 26 65 4 



ZAPISANE ITERACJE: 
Iteracja[5]:
Obecna Iteracja 
92 63 6 49 90 10 84 72 21 74 59 17 15 11 32 91 98 23 45 47 93 28 67 58 61 25 81 69 73 50 44 2 54 40 64 68 85 39 30 96 78 52 5 37 33 76 13 95 82 48 100 71 41 14 3 46 29 43 34 55 83 27 86 35 20 57 7 9 87 51 12 60 62 77 1 8 42 89 31 80 56 97 75 19 53 79 18 24 38 36 99 94 22 16 88 70 66 65 26 4 
Odleglosc: 25144
Najlepsza Iteracja 
92 63 6 49 90 10 84 72 21 74 59 17 15 11 32 91 98 23 45 47 93 28 67 58 61 25 81 69 73 50 44 2 54 40 64 68 85 39 30 96 78 52 5 37 33 76 13 95 82 48 100 71 41 14 3 46 29 43 34 55 83 27 86 35 20 57 7 9 87 51 12 60 62 77 1 8 42 89 31 80 56 97 75 19 53 79 18 24 38 36 99 94 22 16 88 70 66 65 26 4 
Odleglosc: 25144

ZAPISANE ITERACJE: 
Iteracja[10]:
Obecna Iteracja 
92 63 6 49 90 10 84 72 21 74 59 17 15 11 32 91 98 23 45 47 93 28 67 58 61 25 81 69 73 50 44 2 54 40 64 68 85 39 30 96 78 52 5 37 33 76 13 95 82 48 100 71 41 14 3 43 46 29 34 55 83 27 86 35 20 12 7 9 87 51 57 62 60 77 1 8 42 89 31 80 56 97 75 19 53 79 18 24 38 36 99 94 22 16 88 70 66 26 65 4 
Odleglosc: 24479.8
Najlepsza Iteracja 
92 63 6 49 90 10 84 72 21 74 59 17 15 11 32 91 98 23 45 47 93 28 67 58 61 25 81 69 73 50 44 2 54 40 64 68 85 39 30 96 78 52 5 37 33 76 13 95 82 48 100 71 41 14 3 43 46 29 34 55 83 27 86 35 20 12 7 9 87 51 57 62 60 77 1 8 42 89 31 80 56 97 75 19 53 79 18 24 38 36 99 94 22 16 88 70 66 26 65 4 
Odleglosc: 24479.8

ZAPISANE ITERACJE: 
Iteracja[20]:
Obecna Iteracja 
92 63 6 49 90 10 84 72 21 74 59 15 17 11 32 45 23 98 91 47 93 28 67 58 61 25 81 69 73 50 44 2 54 40 64 68 85 39 30 96 52 78 5 37 33 76 13 95 82 48 100 41 71 14 3 43 46 29 34 83 55 27 35 86 20 12 7 9 57 87 51 62 60 77 1 8 42 89 31 80 56 97 75 19 53 79 18 24 38 36 99 94 88 16 22 70 66 26 65 4 
Odleglosc: 24169.7
Najlepsza Iteracja 
92 63 6 49 90 10 84 72 21 74 59 17 15 11 32 45 23 98 91 47 93 28 67 58 61 25 81 69 73 50 44 2 54 40 64 68 85 39 30 96 78 52 5 37 33 76 13 95 82 48 100 41 71 14 3 43 46 29 34 83 55 27 35 86 20 12 7 9 57 87 51 62 60 77 1 8 42 89 31 80 56 97 75 19 53 79 18 24 38 36 99 94 88 16 22 70 66 26 65 4 
Odleglosc: 24134.2

ZAPISANE ITERACJE: 
Iteracja[50]:
Obecna Iteracja 
92 63 6 49 90 84 10 72 74 59 21 11 15 17 32 45 23 98 91 47 93 28 67 58 61 25 81 69 73 50 44 2 54 40 64 68 85 39 30 52 78 96 5 37 76 33 13 95 82 48 100 41 71 14 3 43 46 29 34 83 55 12 27 35 86 20 9 7 57 51 87 62 60 77 1 8 42 89 31 80 56 97 75 19 53 79 99 36 38 24 18 94 16 22 88 70 66 26 65 4 
Odleglosc: 24753.5
Najlepsza Iteracja 
92 63 6 49 90 84 10 72 21 74 59 15 17 11 32 45 23 98 91 47 93 28 67 58 61 25 81 69 73 50 44 2 54 40 64 68 85 39 30 96 52 78 5 37 33 76 13 95 82 48 100 41 71 14 3 43 46 29 34 83 55 12 27 35 86 20 57 7 9 87 51 62 60 77 1 8 42 89 31 80 56 97 75 19 53 79 18 24 38 36 99 94 88 16 22 70 66 26 65 4 
Odleglosc: 24063.5

ZAPISANE ITERACJE: 
Iteracja[100]:
Obecna Iteracja 
97 92 63 49 6 90 10 72 59 74 21 11 15 17 32 91 45 23 98 47 28 93 67 58 61 81 25 73 50 44 2 40 54 64 69 68 85 30 39 52 78 96 37 5 76 33 13 95 82 48 41 71 100 14 29 46 43 3 34 83 55 12 27 35 86 20 9 7 57 51 87 77 62 60 1 8 89 42 80 31 56 75 19 84 36 99 38 24 18 79 53 16 94 22 88 70 65 66 26 4 
Odleglosc: 26325.4
Najlepsza Iteracja 
92 63 6 49 90 84 10 72 21 74 59 15 17 11 32 45 23 98 91 47 93 28 67 58 61 25 81 69 73 50 44 2 54 40 64 68 85 39 30 96 52 78 5 37 33 76 13 95 82 48 100 41 71 14 3 43 46 29 34 83 55 12 27 35 86 20 57 7 9 87 51 62 60 77 1 8 42 89 31 80 56 97 75 19 53 79 18 24 38 36 99 94 88 16 22 70 66 26 65 4 
Odleglosc: 24063.5

ZAPISANE ITERACJE: 
Iteracja[500]:
Obecna Iteracja 
80 31 89 42 8 75 49 10 72 74 59 21 15 11 17 91 23 98 45 32 47 63 1 93 58 25 61 68 85 40 54 64 69 73 44 2 50 30 39 82 95 13 33 76 5 37 52 96 78 48 100 71 41 43 29 46 14 3 34 60 77 62 35 86 20 57 51 81 87 9 7 83 55 12 27 28 67 92 22 16 79 99 36 38 24 18 84 6 90 19 53 88 94 70 65 26 66 4 97 56 
Odleglosc: 30991.8
Najlepsza Iteracja 
92 63 6 49 90 84 10 72 21 74 59 15 17 11 32 45 23 98 91 47 93 28 67 58 61 25 81 69 73 50 44 2 54 40 64 68 85 39 30 96 52 78 5 37 33 76 13 95 82 48 100 41 71 14 3 43 46 29 34 83 55 12 27 35 86 20 57 7 9 87 51 62 60 77 1 8 42 89 31 80 56 97 75 19 53 79 18 24 38 36 99 94 88 16 22 70 66 26 65 4 
Odleglosc: 24063.5

ZAPISANE ITERACJE: 
Iteracja[1000]:
Obecna Iteracja 
31 89 8 92 90 10 84 72 21 59 74 15 11 17 32 98 23 45 91 1 67 93 28 58 61 81 25 68 85 54 40 64 69 73 50 44 2 82 95 13 76 33 5 37 96 78 52 39 30 14 48 100 41 71 43 3 46 29 83 9 7 55 27 35 60 62 86 12 20 77 57 34 87 51 47 63 49 6 75 19 53 79 24 36 99 38 16 22 18 94 88 70 26 66 65 4 97 56 42 80 
Odleglosc: 28326.6
Najlepsza Iteracja 
92 63 6 49 90 84 10 72 21 74 59 15 17 11 32 45 23 98 91 47 93 28 67 58 61 25 81 69 73 50 44 2 54 40 64 68 85 39 30 96 52 78 5 37 33 76 13 95 82 48 100 41 71 14 3 43 46 29 34 83 55 12 27 35 86 20 57 7 9 87 51 62 60 77 1 8 42 89 31 80 56 97 75 19 53 79 18 24 38 36 99 94 88 16 22 70 66 26 65 4 
Odleglosc: 24063.5

ZAPISANE ITERACJE: 
Iteracja[2000]:
Obecna Iteracja 
80 31 89 42 74 59 21 53 79 90 49 1 98 23 11 17 15 32 63 6 92 8 67 51 81 68 85 73 25 61 69 44 50 40 64 54 2 82 95 13 76 33 78 52 30 39 5 37 96 48 41 43 14 71 100 3 46 29 55 83 34 57 9 87 7 86 27 35 20 12 60 77 62 45 91 28 58 93 47 72 10 84 36 99 38 24 18 94 22 88 16 70 19 75 97 4 65 26 66 56 
Odleglosc: 32235.6
Najlepsza Iteracja 
92 63 6 49 90 84 10 72 21 74 59 15 17 11 32 45 23 98 91 47 93 28 67 58 61 25 81 69 73 50 44 2 54 40 64 68 85 39 30 96 52 78 5 37 33 76 13 95 82 48 100 41 71 14 3 43 46 29 34 83 55 12 27 35 86 20 57 7 9 87 51 62 60 77 1 8 42 89 31 80 56 97 75 19 53 79 18 24 38 36 99 94 88 16 22 70 66 26 65 4 
Odleglosc: 24063.5

ZAPISANE ITERACJE: 
Iteracja[3000]:
Obecna Iteracja 
4 66 26 65 92 47 15 17 11 59 72 21 74 36 99 24 38 84 10 90 49 6 63 1 28 93 58 61 44 50 73 69 40 64 54 2 68 82 95 33 76 13 37 5 52 78 96 39 30 48 100 14 41 71 43 3 46 29 85 9 55 12 20 45 32 98 23 91 60 77 62 86 35 27 57 34 83 7 87 51 25 81 67 8 31 89 42 80 56 88 22 70 16 94 18 79 53 19 75 97 
Odleglosc: 29927.8
Najlepsza Iteracja 
92 63 6 49 90 84 10 72 21 74 59 15 17 11 32 45 23 98 91 47 93 28 67 58 61 25 81 69 73 50 44 2 54 40 64 68 85 39 30 96 52 78 5 37 33 76 13 95 82 48 100 41 71 14 3 43 46 29 34 83 55 12 27 35 86 20 57 7 9 87 51 62 60 77 1 8 42 89 31 80 56 97 75 19 53 79 18 24 38 36 99 94 88 16 22 70 66 26 65 4 
Odleglosc: 24063.5

L. iteracji | Czas Tabo | Czas dywersyfikacji | L. zmian w dywersyfikacji | Mno¿nik kary Tabo | Precision | Shuffle try
3500:400:200:5:1.0810:70
24063.5:24063.5
92 63 6 49 90 84 10 72 21 74 59 15 17 11 32 45 23 98 91 47 93 28 67 58 61 25 81 69 73 50 44 2 54 40 64 68 85 39 30 96 52 78 5 37 33 76 13 95 82 48 100 41 71 14 3 43 46 29 34 83 55 12 27 35 86 20 57 7 9 87 51 62 60 77 1 8 42 89 31 80 56 97 75 19 53 79 18 24 38 36 99 94 88 16 22 70 66 26 65 4 



ZAPISANE ITERACJE: 
Iteracja[5]:
Obecna Iteracja 
92 63 6 49 90 10 84 72 21 74 59 17 15 11 32 91 98 23 45 47 93 28 67 58 61 25 81 69 73 50 44 2 54 40 64 68 85 39 30 96 78 52 5 37 33 76 13 95 82 48 100 71 41 14 3 46 29 43 34 55 83 27 86 35 20 57 7 9 87 51 12 60 62 77 1 8 42 89 31 80 56 97 75 19 53 79 18 24 38 36 99 94 22 16 88 70 66 65 26 4 
Odleglosc: 25144
Najlepsza Iteracja 
92 63 6 49 90 10 84 72 21 74 59 17 15 11 32 91 98 23 45 47 93 28 67 58 61 25 81 69 73 50 44 2 54 40 64 68 85 39 30 96 78 52 5 37 33 76 13 95 82 48 100 71 41 14 3 46 29 43 34 55 83 27 86 35 20 57 7 9 87 51 12 60 62 77 1 8 42 89 31 80 56 97 75 19 53 79 18 24 38 36 99 94 22 16 88 70 66 65 26 4 
Odleglosc: 25144

ZAPISANE ITERACJE: 
Iteracja[10]:
Obecna Iteracja 
92 63 6 49 90 10 84 72 21 74 59 17 15 11 32 91 98 23 45 47 93 28 67 58 61 25 81 69 73 50 44 2 54 40 64 68 85 39 30 96 78 52 5 37 33 76 13 95 82 48 100 71 41 14 3 43 46 29 34 55 83 27 86 35 20 12 7 9 87 51 57 62 60 77 1 8 42 89 31 80 56 97 75 19 53 79 18 24 38 36 99 94 22 16 88 70 66 26 65 4 
Odleglosc: 24479.8
Najlepsza Iteracja 
92 63 6 49 90 10 84 72 21 74 59 17 15 11 32 91 98 23 45 47 93 28 67 58 61 25 81 69 73 50 44 2 54 40 64 68 85 39 30 96 78 52 5 37 33 76 13 95 82 48 100 71 41 14 3 43 46 29 34 55 83 27 86 35 20 12 7 9 87 51 57 62 60 77 1 8 42 89 31 80 56 97 75 19 53 79 18 24 38 36 99 94 22 16 88 70 66 26 65 4 
Odleglosc: 24479.8

ZAPISANE ITERACJE: 
Iteracja[20]:
Obecna Iteracja 
92 63 6 49 90 10 84 72 21 74 59 15 17 11 32 45 23 98 91 47 93 28 67 58 61 25 81 69 73 50 44 2 54 40 64 68 85 39 30 96 52 78 5 37 33 76 13 95 82 48 100 41 71 14 3 43 46 29 34 83 55 27 35 86 20 12 7 9 57 87 51 62 60 77 1 8 42 89 31 80 56 97 75 19 53 79 18 24 38 36 99 94 88 16 22 70 66 26 65 4 
Odleglosc: 24169.7
Najlepsza Iteracja 
92 63 6 49 90 10 84 72 21 74 59 17 15 11 32 45 23 98 91 47 93 28 67 58 61 25 81 69 73 50 44 2 54 40 64 68 85 39 30 96 78 52 5 37 33 76 13 95 82 48 100 41 71 14 3 43 46 29 34 83 55 27 35 86 20 12 7 9 57 87 51 62 60 77 1 8 42 89 31 80 56 97 75 19 53 79 18 24 38 36 99 94 88 16 22 70 66 26 65 4 
Odleglosc: 24134.2

ZAPISANE ITERACJE: 
Iteracja[50]:
Obecna Iteracja 
92 63 6 49 90 84 10 72 74 59 21 11 15 17 32 45 23 98 91 47 93 28 67 58 61 25 81 69 73 50 44 2 54 40 64 68 85 39 30 52 78 96 5 37 76 33 13 95 82 48 100 41 71 14 3 43 46 29 34 83 55 12 27 35 86 20 9 7 57 51 87 62 60 77 1 8 42 89 31 80 56 97 75 19 53 79 99 36 38 24 18 94 16 22 88 70 66 26 65 4 
Odleglosc: 24753.5
Najlepsza Iteracja 
92 63 6 49 90 84 10 72 21 74 59 15 17 11 32 45 23 98 91 47 93 28 67 58 61 25 81 69 73 50 44 2 54 40 64 68 85 39 30 96 52 78 5 37 33 76 13 95 82 48 100 41 71 14 3 43 46 29 34 83 55 12 27 35 86 20 57 7 9 87 51 62 60 77 1 8 42 89 31 80 56 97 75 19 53 79 18 24 38 36 99 94 88 16 22 70 66 26 65 4 
Odleglosc: 24063.5

ZAPISANE ITERACJE: 
Iteracja[100]:
Obecna Iteracja 
97 92 63 49 6 90 10 72 59 74 21 11 15 17 32 91 45 23 98 47 28 93 67 58 61 81 25 73 50 44 2 40 54 64 69 68 85 30 39 52 78 96 37 5 76 33 13 95 82 48 41 71 100 14 29 46 43 3 34 83 55 12 27 35 86 20 9 7 57 51 87 77 62 60 1 8 89 42 80 31 56 75 19 84 36 99 38 24 18 79 53 16 94 22 88 70 65 66 26 4 
Odleglosc: 26325.4
Najlepsza Iteracja 
92 63 6 49 90 84 10 72 21 74 59 15 17 11 32 45 23 98 91 47 93 28 67 58 61 25 81 69 73 50 44 2 54 40 64 68 85 39 30 96 52 78 5 37 33 76 13 95 82 48 100 41 71 14 3 43 46 29 34 83 55 12 27 35 86 20 57 7 9 87 51 62 60 77 1 8 42 89 31 80 56 97 75 19 53 79 18 24 38 36 99 94 88 16 22 70 66 26 65 4 
Odleglosc: 24063.5

ZAPISANE ITERACJE: 
Iteracja[500]:
Obecna Iteracja 
80 31 89 42 8 75 49 10 72 74 59 21 15 11 17 91 23 98 45 32 47 63 1 93 58 25 61 68 85 40 54 64 69 73 44 2 50 30 39 82 95 13 33 76 5 37 52 96 78 48 100 71 41 43 29 46 14 3 34 60 77 62 35 86 20 57 51 81 87 9 7 83 55 12 27 28 67 92 22 16 79 99 36 38 24 18 84 6 90 19 53 88 94 70 65 26 66 4 97 56 
Odleglosc: 30991.8
Najlepsza Iteracja 
92 63 6 49 90 84 10 72 21 74 59 15 17 11 32 45 23 98 91 47 93 28 67 58 61 25 81 69 73 50 44 2 54 40 64 68 85 39 30 96 52 78 5 37 33 76 13 95 82 48 100 41 71 14 3 43 46 29 34 83 55 12 27 35 86 20 57 7 9 87 51 62 60 77 1 8 42 89 31 80 56 97 75 19 53 79 18 24 38 36 99 94 88 16 22 70 66 26 65 4 
Odleglosc: 24063.5

ZAPISANE ITERACJE: 
Iteracja[1000]:
Obecna Iteracja 
31 89 8 92 90 10 84 72 21 59 74 15 11 17 32 98 23 45 91 1 67 93 28 58 61 81 25 68 85 54 40 64 69 73 50 44 2 82 95 13 76 33 5 37 96 78 52 39 30 14 48 100 41 71 43 3 46 29 83 9 7 55 27 35 60 62 86 12 20 77 57 34 87 51 47 63 49 6 75 19 53 79 24 36 99 38 16 22 18 94 88 70 26 66 65 4 97 56 42 80 
Odleglosc: 28326.6
Najlepsza Iteracja 
92 63 6 49 90 84 10 72 21 74 59 15 17 11 32 45 23 98 91 47 93 28 67 58 61 25 81 69 73 50 44 2 54 40 64 68 85 39 30 96 52 78 5 37 33 76 13 95 82 48 100 41 71 14 3 43 46 29 34 83 55 12 27 35 86 20 57 7 9 87 51 62 60 77 1 8 42 89 31 80 56 97 75 19 53 79 18 24 38 36 99 94 88 16 22 70 66 26 65 4 
Odleglosc: 24063.5

ZAPISANE ITERACJE: 
Iteracja[2000]:
Obecna Iteracja 
80 31 89 42 74 59 21 53 79 90 49 1 98 23 11 17 15 32 63 6 92 8 67 51 81 68 85 73 25 61 69 44 50 40 64 54 2 82 95 13 76 33 78 52 30 39 5 37 96 48 41 43 14 71 100 3 46 29 55 83 34 57 9 87 7 86 27 35 20 12 60 77 62 45 91 28 58 93 47 72 10 84 36 99 38 24 18 94 22 88 16 70 19 75 97 4 65 26 66 56 
Odleglosc: 32235.6
Najlepsza Iteracja 
92 63 6 49 90 84 10 72 21 74 59 15 17 11 32 45 23 98 91 47 93 28 67 58 61 25 81 69 73 50 44 2 54 40 64 68 85 39 30 96 52 78 5 37 33 76 13 95 82 48 100 41 71 14 3 43 46 29 34 83 55 12 27 35 86 20 57 7 9 87 51 62 60 77 1 8 42 89 31 80 56 97 75 19 53 79 18 24 38 36 99 94 88 16 22 70 66 26 65 4 
Odleglosc: 24063.5

ZAPISANE ITERACJE: 
Iteracja[3000]:
Obecna Iteracja 
4 66 26 65 92 47 15 17 11 59 72 21 74 36 99 24 38 84 10 90 49 6 63 1 28 93 58 61 44 50 73 69 40 64 54 2 68 82 95 33 76 13 37 5 52 78 96 39 30 48 100 14 41 71 43 3 46 29 85 9 55 12 20 45 32 98 23 91 60 77 62 86 35 27 57 34 83 7 87 51 25 81 67 8 31 89 42 80 56 88 22 70 16 94 18 79 53 19 75 97 
Odleglosc: 29927.8
Najlepsza Iteracja 
92 63 6 49 90 84 10 72 21 74 59 15 17 11 32 45 23 98 91 47 93 28 67 58 61 25 81 69 73 50 44 2 54 40 64 68 85 39 30 96 52 78 5 37 33 76 13 95 82 48 100 41 71 14 3 43 46 29 34 83 55 12 27 35 86 20 57 7 9 87 51 62 60 77 1 8 42 89 31 80 56 97 75 19 53 79 18 24 38 36 99 94 88 16 22 70 66 26 65 4 
Odleglosc: 24063.5

L. iteracji | Czas Tabo | Czas dywersyfikacji | L. zmian w dywersyfikacji | Mno¿nik kary Tabo | Precision | Shuffle try
3500:400:350:5:1.0810:70
24063.5:24063.5
92 63 6 49 90 84 10 72 21 74 59 15 17 11 32 45 23 98 91 47 93 28 67 58 61 25 81 69 73 50 44 2 54 40 64 68 85 39 30 96 52 78 5 37 33 76 13 95 82 48 100 41 71 14 3 43 46 29 34 83 55 12 27 35 86 20 57 7 9 87 51 62 60 77 1 8 42 89 31 80 56 97 75 19 53 79 18 24 38 36 99 94 88 16 22 70 66 26 65 4 



ZAPISANE ITERACJE: 
Iteracja[5]:
Obecna Iteracja 
92 63 6 49 90 10 84 72 21 74 59 17 15 11 32 91 98 23 45 47 93 28 67 58 61 25 81 69 73 50 44 2 54 40 64 68 85 39 30 96 78 52 5 37 33 76 13 95 82 48 100 71 41 14 3 46 29 43 34 55 83 27 86 35 20 57 7 9 87 51 12 60 62 77 1 8 42 89 31 80 56 97 75 19 53 79 18 24 38 36 99 94 22 16 88 70 66 65 26 4 
Odleglosc: 25144
Najlepsza Iteracja 
92 63 6 49 90 10 84 72 21 74 59 17 15 11 32 91 98 23 45 47 93 28 67 58 61 25 81 69 73 50 44 2 54 40 64 68 85 39 30 96 78 52 5 37 33 76 13 95 82 48 100 71 41 14 3 46 29 43 34 55 83 27 86 35 20 57 7 9 87 51 12 60 62 77 1 8 42 89 31 80 56 97 75 19 53 79 18 24 38 36 99 94 22 16 88 70 66 65 26 4 
Odleglosc: 25144

ZAPISANE ITERACJE: 
Iteracja[10]:
Obecna Iteracja 
92 63 6 49 90 10 84 72 21 74 59 17 15 11 32 91 98 23 45 47 93 28 67 58 61 25 81 69 73 50 44 2 54 40 64 68 85 39 30 96 78 52 5 37 33 76 13 95 82 48 100 71 41 14 3 43 46 29 34 55 83 27 86 35 20 12 7 9 87 51 57 62 60 77 1 8 42 89 31 80 56 97 75 19 53 79 18 24 38 36 99 94 22 16 88 70 66 26 65 4 
Odleglosc: 24479.8
Najlepsza Iteracja 
92 63 6 49 90 10 84 72 21 74 59 17 15 11 32 91 98 23 45 47 93 28 67 58 61 25 81 69 73 50 44 2 54 40 64 68 85 39 30 96 78 52 5 37 33 76 13 95 82 48 100 71 41 14 3 43 46 29 34 55 83 27 86 35 20 12 7 9 87 51 57 62 60 77 1 8 42 89 31 80 56 97 75 19 53 79 18 24 38 36 99 94 22 16 88 70 66 26 65 4 
Odleglosc: 24479.8

ZAPISANE ITERACJE: 
Iteracja[20]:
Obecna Iteracja 
92 63 6 49 90 10 84 72 21 74 59 15 17 11 32 45 23 98 91 47 93 28 67 58 61 25 81 69 73 50 44 2 54 40 64 68 85 39 30 96 52 78 5 37 33 76 13 95 82 48 100 41 71 14 3 43 46 29 34 83 55 27 35 86 20 12 7 9 57 87 51 62 60 77 1 8 42 89 31 80 56 97 75 19 53 79 18 24 38 36 99 94 88 16 22 70 66 26 65 4 
Odleglosc: 24169.7
Najlepsza Iteracja 
92 63 6 49 90 10 84 72 21 74 59 17 15 11 32 45 23 98 91 47 93 28 67 58 61 25 81 69 73 50 44 2 54 40 64 68 85 39 30 96 78 52 5 37 33 76 13 95 82 48 100 41 71 14 3 43 46 29 34 83 55 27 35 86 20 12 7 9 57 87 51 62 60 77 1 8 42 89 31 80 56 97 75 19 53 79 18 24 38 36 99 94 88 16 22 70 66 26 65 4 
Odleglosc: 24134.2

ZAPISANE ITERACJE: 
Iteracja[50]:
Obecna Iteracja 
92 63 6 49 90 10 84 72 21 74 59 15 17 11 32 45 23 98 91 47 93 28 67 58 61 25 81 69 73 50 44 2 54 40 64 68 85 39 30 96 52 78 5 37 33 76 13 95 82 48 100 41 71 14 3 43 46 29 34 83 55 27 35 86 20 12 7 9 57 87 51 62 60 77 1 8 42 89 31 80 56 97 75 19 53 79 18 24 38 36 99 94 88 16 22 70 66 26 65 4 
Odleglosc: 24169.7
Najlepsza Iteracja 
92 63 6 49 90 10 84 72 21 74 59 17 15 11 32 45 23 98 91 47 93 28 67 58 61 25 81 69 73 50 44 2 54 40 64 68 85 39 30 96 78 52 5 37 33 76 13 95 82 48 100 41 71 14 3 43 46 29 34 83 55 27 35 86 20 12 7 9 57 87 51 62 60 77 1 8 42 89 31 80 56 97 75 19 53 79 18 24 38 36 99 94 88 16 22 70 66 26 65 4 
Odleglosc: 24134.2

ZAPISANE ITERACJE: 
Iteracja[100]:
Obecna Iteracja 
92 63 6 49 90 10 84 72 21 74 59 15 17 11 32 45 23 98 91 47 93 28 67 58 61 25 81 69 73 50 44 2 54 40 64 68 85 39 30 96 52 78 5 37 33 76 13 95 82 48 100 41 71 14 3 43 46 29 34 83 55 27 35 86 20 12 7 9 57 87 51 62 60 77 1 8 42 89 31 80 56 97 75 19 53 79 18 24 38 36 99 94 88 16 22 70 66 26 65 4 
Odleglosc: 24169.7
Najlepsza Iteracja 
92 63 6 49 90 10 84 72 21 74 59 17 15 11 32 45 23 98 91 47 93 28 67 58 61 25 81 69 73 50 44 2 54 40 64 68 85 39 30 96 78 52 5 37 33 76 13 95 82 48 100 41 71 14 3 43 46 29 34 83 55 27 35 86 20 12 7 9 57 87 51 62 60 77 1 8 42 89 31 80 56 97 75 19 53 79 18 24 38 36 99 94 88 16 22 70 66 26 65 4 
Odleglosc: 24134.2

ZAPISANE ITERACJE: 
Iteracja[500]:
Obecna Iteracja 
92 63 6 49 90 10 84 72 21 74 59 17 15 11 32 45 23 98 91 47 93 28 67 58 61 25 81 69 73 50 44 2 54 40 64 68 85 39 30 96 78 52 5 37 33 76 13 95 82 48 100 71 41 14 3 43 46 29 34 83 55 27 20 86 35 12 7 9 57 87 51 62 60 77 1 8 42 89 31 80 56 97 75 19 53 79 18 24 38 36 99 94 88 16 22 70 66 26 65 4 
Odleglosc: 24307.6
Najlepsza Iteracja 
92 63 6 49 90 10 84 72 21 74 59 17 15 11 32 45 23 98 91 47 93 28 67 58 61 25 81 69 73 50 44 2 54 40 64 68 85 39 30 96 78 52 5 37 33 76 13 95 82 48 100 41 71 14 3 43 46 29 34 83 55 27 35 86 20 12 7 9 57 87 51 62 60 77 1 8 42 89 31 80 56 97 75 19 53 79 18 24 38 36 99 94 88 16 22 70 66 26 65 4 
Odleglosc: 24134.2

ZAPISANE ITERACJE: 
Iteracja[1000]:
Obecna Iteracja 
92 63 6 49 90 10 84 72 21 74 59 15 17 11 32 45 23 98 91 47 93 28 67 58 61 25 81 69 73 50 44 2 54 40 64 68 85 39 30 96 52 78 5 37 33 76 13 95 82 48 100 41 71 14 3 43 46 29 34 83 55 27 35 86 20 12 7 9 57 87 51 62 60 77 1 8 42 89 31 80 56 97 75 19 53 79 18 24 38 36 99 94 88 16 22 70 66 26 65 4 
Odleglosc: 24169.7
Najlepsza Iteracja 
92 63 6 49 90 10 84 72 21 74 59 17 15 11 32 45 23 98 91 47 93 28 67 58 61 25 81 69 73 50 44 2 54 40 64 68 85 39 30 96 78 52 5 37 33 76 13 95 82 48 100 41 71 14 3 43 46 29 34 83 55 27 35 86 20 12 7 9 57 87 51 62 60 77 1 8 42 89 31 80 56 97 75 19 53 79 18 24 38 36 99 94 88 16 22 70 66 26 65 4 
Odleglosc: 24134.2

ZAPISANE ITERACJE: 
Iteracja[2000]:
Obecna Iteracja 
92 63 6 49 90 10 84 72 21 74 59 15 17 11 32 45 23 98 91 47 93 28 67 58 61 25 81 69 73 50 44 2 54 40 64 68 85 39 30 96 52 78 5 37 33 76 13 95 82 48 100 41 71 14 3 43 46 29 34 83 55 27 35 86 20 12 7 9 57 87 51 62 60 77 1 8 42 89 31 80 56 97 75 19 53 79 18 24 38 36 99 94 88 16 22 70 66 26 65 4 
Odleglosc: 24169.7
Najlepsza Iteracja 
92 63 6 49 90 10 84 72 21 74 59 17 15 11 32 45 23 98 91 47 93 28 67 58 61 25 81 69 73 50 44 2 54 40 64 68 85 39 30 96 78 52 5 37 33 76 13 95 82 48 100 41 71 14 3 43 46 29 34 83 55 27 35 86 20 12 7 9 57 87 51 62 60 77 1 8 42 89 31 80 56 97 75 19 53 79 18 24 38 36 99 94 88 16 22 70 66 26 65 4 
Odleglosc: 24134.2

ZAPISANE ITERACJE: 
Iteracja[3000]:
Obecna Iteracja 
92 63 6 49 90 10 84 72 21 74 59 17 15 11 32 45 23 98 91 47 93 28 67 58 61 25 81 69 73 50 44 2 54 40 64 68 85 39 30 96 78 52 5 37 33 76 13 95 82 48 100 71 41 14 3 43 46 29 34 83 55 27 35 86 20 7 12 9 57 87 51 62 60 77 1 8 42 89 31 80 56 97 75 19 53 79 18 24 38 36 99 94 88 16 22 70 66 26 65 4 
Odleglosc: 24451.3
Najlepsza Iteracja 
92 63 6 49 90 10 84 72 21 74 59 17 15 11 32 45 23 98 91 47 93 28 67 58 61 25 81 69 73 50 44 2 54 40 64 68 85 39 30 96 78 52 5 37 33 76 13 95 82 48 100 41 71 14 3 43 46 29 34 83 55 27 35 86 20 12 7 9 57 87 51 62 60 77 1 8 42 89 31 80 56 97 75 19 53 79 18 24 38 36 99 94 88 16 22 70 66 26 65 4 
Odleglosc: 24134.2

L. iteracji | Czas Tabo | Czas dywersyfikacji | L. zmian w dywersyfikacji | Mno¿nik kary Tabo | Precision | Shuffle try
3500:400:500:5:1.00110:70
24134.2:24134.2
92 63 6 49 90 10 84 72 21 74 59 17 15 11 32 45 23 98 91 47 93 28 67 58 61 25 81 69 73 50 44 2 54 40 64 68 85 39 30 96 78 52 5 37 33 76 13 95 82 48 100 41 71 14 3 43 46 29 34 83 55 27 35 86 20 12 7 9 57 87 51 62 60 77 1 8 42 89 31 80 56 97 75 19 53 79 18 24 38 36 99 94 88 16 22 70 66 26 65 4 



ZAPISANE ITERACJE: 
Iteracja[5]:
Obecna Iteracja 
92 63 6 49 90 10 84 72 21 74 59 17 15 11 32 91 98 23 45 47 93 28 67 58 61 25 81 69 73 50 44 2 54 40 64 68 85 39 30 96 78 52 5 37 33 76 13 95 82 48 100 71 41 14 3 46 29 43 34 55 83 27 86 35 20 57 7 9 87 51 12 60 62 77 1 8 42 89 31 80 56 97 75 19 53 79 18 24 38 36 99 94 22 16 88 70 66 65 26 4 
Odleglosc: 25144
Najlepsza Iteracja 
92 63 6 49 90 10 84 72 21 74 59 17 15 11 32 91 98 23 45 47 93 28 67 58 61 25 81 69 73 50 44 2 54 40 64 68 85 39 30 96 78 52 5 37 33 76 13 95 82 48 100 71 41 14 3 46 29 43 34 55 83 27 86 35 20 57 7 9 87 51 12 60 62 77 1 8 42 89 31 80 56 97 75 19 53 79 18 24 38 36 99 94 22 16 88 70 66 65 26 4 
Odleglosc: 25144

ZAPISANE ITERACJE: 
Iteracja[10]:
Obecna Iteracja 
92 63 6 49 90 10 84 72 21 74 59 17 15 11 32 91 98 23 45 47 93 28 67 58 61 25 81 69 73 50 44 2 54 40 64 68 85 39 30 96 78 52 5 37 33 76 13 95 82 48 100 71 41 14 3 43 46 29 34 55 83 27 86 35 20 12 7 9 87 51 57 62 60 77 1 8 42 89 31 80 56 97 75 19 53 79 18 24 38 36 99 94 22 16 88 70 66 26 65 4 
Odleglosc: 24479.8
Najlepsza Iteracja 
92 63 6 49 90 10 84 72 21 74 59 17 15 11 32 91 98 23 45 47 93 28 67 58 61 25 81 69 73 50 44 2 54 40 64 68 85 39 30 96 78 52 5 37 33 76 13 95 82 48 100 71 41 14 3 43 46 29 34 55 83 27 86 35 20 12 7 9 87 51 57 62 60 77 1 8 42 89 31 80 56 97 75 19 53 79 18 24 38 36 99 94 22 16 88 70 66 26 65 4 
Odleglosc: 24479.8

ZAPISANE ITERACJE: 
Iteracja[20]:
Obecna Iteracja 
92 63 6 49 90 10 84 72 21 74 59 15 17 11 32 45 23 98 91 47 93 28 67 58 61 25 81 69 73 50 44 2 54 40 64 68 85 39 30 96 52 78 5 37 33 76 13 95 82 48 100 41 71 14 3 43 46 29 34 83 55 27 35 86 20 12 7 9 57 87 51 62 60 77 1 8 42 89 31 80 56 97 75 19 53 79 18 24 38 36 99 94 88 16 22 70 66 26 65 4 
Odleglosc: 24169.7
Najlepsza Iteracja 
92 63 6 49 90 10 84 72 21 74 59 17 15 11 32 45 23 98 91 47 93 28 67 58 61 25 81 69 73 50 44 2 54 40 64 68 85 39 30 96 78 52 5 37 33 76 13 95 82 48 100 41 71 14 3 43 46 29 34 83 55 27 35 86 20 12 7 9 57 87 51 62 60 77 1 8 42 89 31 80 56 97 75 19 53 79 18 24 38 36 99 94 88 16 22 70 66 26 65 4 
Odleglosc: 24134.2

ZAPISANE ITERACJE: 
Iteracja[50]:
Obecna Iteracja 
92 63 6 49 90 10 84 72 21 59 74 15 17 11 32 45 23 98 91 47 93 28 67 58 61 25 81 69 73 50 44 2 54 40 64 68 85 39 30 96 78 52 5 37 33 76 13 95 82 48 100 41 71 14 3 43 46 29 34 83 55 27 35 86 20 12 7 9 57 87 51 62 60 77 1 8 42 89 31 80 56 97 75 19 53 79 18 24 38 36 99 94 88 16 22 70 66 26 65 4 
Odleglosc: 24228
Najlepsza Iteracja 
92 63 6 49 90 10 84 72 21 74 59 17 15 11 32 45 23 98 91 47 93 28 67 58 61 25 81 69 73 50 44 2 54 40 64 68 85 39 30 96 78 52 5 37 33 76 13 95 82 48 100 41 71 14 3 43 46 29 34 83 55 27 35 86 20 12 7 9 57 87 51 62 60 77 1 8 42 89 31 80 56 97 75 19 53 79 18 24 38 36 99 94 88 16 22 70 66 26 65 4 
Odleglosc: 24134.2

ZAPISANE ITERACJE: 
Iteracja[100]:
Obecna Iteracja 
92 63 6 49 90 10 84 72 21 74 59 15 17 11 32 45 23 98 91 47 93 28 67 58 61 25 81 69 73 50 44 2 54 40 64 68 85 39 30 96 78 52 5 37 33 76 13 95 82 48 100 41 71 14 3 43 46 29 34 83 55 27 35 86 20 12 7 9 57 87 51 62 60 77 1 8 42 89 31 80 56 97 75 19 53 79 18 24 38 36 99 88 94 16 22 70 66 26 65 4 
Odleglosc: 24314.4
Najlepsza Iteracja 
92 63 6 49 90 10 84 72 21 74 59 17 15 11 32 45 23 98 91 47 93 28 67 58 61 25 81 69 73 50 44 2 54 40 64 68 85 39 30 96 78 52 5 37 33 76 13 95 82 48 100 41 71 14 3 43 46 29 34 83 55 27 35 86 20 12 7 9 57 87 51 62 60 77 1 8 42 89 31 80 56 97 75 19 53 79 18 24 38 36 99 94 88 16 22 70 66 26 65 4 
Odleglosc: 24134.2

ZAPISANE ITERACJE: 
Iteracja[500]:
Obecna Iteracja 
92 63 6 49 90 10 84 72 21 74 59 15 17 11 32 45 23 98 91 47 93 28 67 58 61 25 81 69 73 50 44 2 54 40 64 68 85 39 5 96 78 52 30 37 33 76 13 95 82 48 100 41 71 14 3 43 46 29 34 83 55 27 35 86 20 12 7 9 57 87 51 62 60 77 1 8 42 89 31 80 56 97 75 19 53 79 18 24 38 36 99 94 88 16 22 70 66 26 65 4 
Odleglosc: 24908.5
Najlepsza Iteracja 
92 63 6 49 90 10 84 72 21 74 59 17 15 11 32 45 23 98 91 47 93 28 67 58 61 25 81 69 73 50 44 2 54 40 64 68 85 39 30 96 78 52 5 37 33 76 13 95 82 48 100 41 71 14 3 43 46 29 34 83 55 27 35 86 20 12 7 9 57 87 51 62 60 77 1 8 42 89 31 80 56 97 75 19 53 79 18 24 38 36 99 94 88 16 22 70 66 26 65 4 
Odleglosc: 24134.2

ZAPISANE ITERACJE: 
Iteracja[1000]:
Obecna Iteracja 
92 63 6 49 90 10 84 72 21 74 59 17 15 11 32 45 23 98 91 47 93 28 67 58 61 25 81 69 73 50 54 2 44 40 64 68 85 39 30 96 78 52 5 37 33 76 13 95 82 48 100 71 41 14 3 43 46 29 34 83 55 27 35 86 20 12 7 9 57 87 51 62 60 77 1 8 42 89 31 80 56 97 75 19 53 79 18 24 38 36 99 94 88 16 22 70 66 26 65 4 
Odleglosc: 24894.6
Najlepsza Iteracja 
92 63 6 49 90 10 84 72 21 74 59 17 15 11 32 45 23 98 91 47 93 28 67 58 61 25 81 69 73 50 44 2 54 40 64 68 85 39 30 96 78 52 5 37 33 76 13 95 82 48 100 41 71 14 3 43 46 29 34 83 55 27 35 86 20 12 7 9 57 87 51 62 60 77 1 8 42 89 31 80 56 97 75 19 53 79 18 24 38 36 99 94 88 16 22 70 66 26 65 4 
Odleglosc: 24134.2

ZAPISANE ITERACJE: 
Iteracja[2000]:
Obecna Iteracja 
92 63 6 49 90 10 84 72 21 74 59 17 15 11 32 45 23 98 91 47 93 28 67 58 61 25 81 69 73 50 44 2 54 40 64 68 85 39 30 96 78 52 5 37 33 76 13 95 82 48 100 71 41 14 3 43 46 29 34 7 55 27 35 86 20 12 83 9 57 87 51 62 60 77 1 8 42 89 31 80 56 97 75 19 53 79 18 24 38 36 99 94 88 16 22 70 66 26 65 4 
Odleglosc: 24892.9
Najlepsza Iteracja 
92 63 6 49 90 10 84 72 21 74 59 17 15 11 32 45 23 98 91 47 93 28 67 58 61 25 81 69 73 50 44 2 54 40 64 68 85 39 30 96 78 52 5 37 33 76 13 95 82 48 100 41 71 14 3 43 46 29 34 83 55 27 35 86 20 12 7 9 57 87 51 62 60 77 1 8 42 89 31 80 56 97 75 19 53 79 18 24 38 36 99 94 88 16 22 70 66 26 65 4 
Odleglosc: 24134.2

ZAPISANE ITERACJE: 
Iteracja[3000]:
Obecna Iteracja 
92 63 6 49 90 10 84 72 21 74 59 17 15 11 32 45 23 98 91 47 93 28 67 58 61 25 81 69 73 50 44 2 54 40 64 39 85 68 30 96 78 52 5 37 33 76 13 95 82 48 100 71 41 14 3 43 46 29 34 83 55 27 35 86 20 12 7 9 57 87 51 62 60 77 1 8 42 89 31 80 56 97 75 19 53 79 18 24 38 36 99 94 88 16 22 70 66 26 65 4 
Odleglosc: 24884
Najlepsza Iteracja 
92 63 6 49 90 10 84 72 21 74 59 17 15 11 32 45 23 98 91 47 93 28 67 58 61 25 81 69 73 50 44 2 54 40 64 68 85 39 30 96 78 52 5 37 33 76 13 95 82 48 100 41 71 14 3 43 46 29 34 83 55 27 35 86 20 12 7 9 57 87 51 62 60 77 1 8 42 89 31 80 56 97 75 19 53 79 18 24 38 36 99 94 88 16 22 70 66 26 65 4 
Odleglosc: 24134.2

L. iteracji | Czas Tabo | Czas dywersyfikacji | L. zmian w dywersyfikacji | Mno¿nik kary Tabo | Precision | Shuffle try
3500:500:500:5:1.000810:70
24134.2:24134.2
92 63 6 49 90 10 84 72 21 74 59 17 15 11 32 45 23 98 91 47 93 28 67 58 61 25 81 69 73 50 44 2 54 40 64 68 85 39 30 96 78 52 5 37 33 76 13 95 82 48 100 41 71 14 3 43 46 29 34 83 55 27 35 86 20 12 7 9 57 87 51 62 60 77 1 8 42 89 31 80 56 97 75 19 53 79 18 24 38 36 99 94 88 16 22 70 66 26 65 4 



ZAPISANE ITERACJE: 
Iteracja[5]:
Obecna Iteracja 
92 63 6 49 90 10 84 72 21 74 59 17 15 11 32 91 98 23 45 47 93 28 67 58 61 25 81 69 73 50 44 2 54 40 64 68 85 39 30 96 78 52 5 37 33 76 13 95 82 48 100 71 41 14 3 46 29 43 34 55 83 27 86 35 20 57 7 9 87 51 12 60 62 77 1 8 42 89 31 80 56 97 75 19 53 79 18 24 38 36 99 94 22 16 88 70 66 65 26 4 
Odleglosc: 25144
Najlepsza Iteracja 
92 63 6 49 90 10 84 72 21 74 59 17 15 11 32 91 98 23 45 47 93 28 67 58 61 25 81 69 73 50 44 2 54 40 64 68 85 39 30 96 78 52 5 37 33 76 13 95 82 48 100 71 41 14 3 46 29 43 34 55 83 27 86 35 20 57 7 9 87 51 12 60 62 77 1 8 42 89 31 80 56 97 75 19 53 79 18 24 38 36 99 94 22 16 88 70 66 65 26 4 
Odleglosc: 25144

ZAPISANE ITERACJE: 
Iteracja[10]:
Obecna Iteracja 
92 63 6 49 90 10 84 72 21 74 59 17 15 11 32 91 98 23 45 47 93 28 67 58 61 25 81 69 73 50 44 2 54 40 64 68 85 39 30 96 78 52 5 37 33 76 13 95 82 48 100 71 41 14 3 43 46 29 34 55 83 27 86 35 20 12 7 9 87 51 57 62 60 77 1 8 42 89 31 80 56 97 75 19 53 79 18 24 38 36 99 94 22 16 88 70 66 26 65 4 
Odleglosc: 24479.8
Najlepsza Iteracja 
92 63 6 49 90 10 84 72 21 74 59 17 15 11 32 91 98 23 45 47 93 28 67 58 61 25 81 69 73 50 44 2 54 40 64 68 85 39 30 96 78 52 5 37 33 76 13 95 82 48 100 71 41 14 3 43 46 29 34 55 83 27 86 35 20 12 7 9 87 51 57 62 60 77 1 8 42 89 31 80 56 97 75 19 53 79 18 24 38 36 99 94 22 16 88 70 66 26 65 4 
Odleglosc: 24479.8

ZAPISANE ITERACJE: 
Iteracja[20]:
Obecna Iteracja 
92 63 6 49 90 10 84 72 21 74 59 15 17 11 32 45 23 98 91 47 93 28 67 58 61 25 81 69 73 50 44 2 54 40 64 68 85 39 30 96 52 78 5 37 33 76 13 95 82 48 100 41 71 14 3 43 46 29 34 83 55 27 35 86 20 12 7 9 57 87 51 62 60 77 1 8 42 89 31 80 56 97 75 19 53 79 18 24 38 36 99 94 88 16 22 70 66 26 65 4 
Odleglosc: 24169.7
Najlepsza Iteracja 
92 63 6 49 90 10 84 72 21 74 59 17 15 11 32 45 23 98 91 47 93 28 67 58 61 25 81 69 73 50 44 2 54 40 64 68 85 39 30 96 78 52 5 37 33 76 13 95 82 48 100 41 71 14 3 43 46 29 34 83 55 27 35 86 20 12 7 9 57 87 51 62 60 77 1 8 42 89 31 80 56 97 75 19 53 79 18 24 38 36 99 94 88 16 22 70 66 26 65 4 
Odleglosc: 24134.2

ZAPISANE ITERACJE: 
Iteracja[50]:
Obecna Iteracja 
92 63 6 49 90 10 84 72 21 74 59 15 17 11 32 45 23 98 91 47 93 28 67 58 61 25 81 69 73 50 44 2 54 40 64 68 85 39 30 96 52 78 5 37 33 76 13 95 82 48 100 41 71 14 3 43 46 29 34 83 55 27 35 86 20 12 7 9 57 87 51 62 60 77 1 8 42 89 31 80 56 97 75 19 53 79 18 24 38 36 99 94 88 16 22 70 66 26 65 4 
Odleglosc: 24169.7
Najlepsza Iteracja 
92 63 6 49 90 10 84 72 21 74 59 17 15 11 32 45 23 98 91 47 93 28 67 58 61 25 81 69 73 50 44 2 54 40 64 68 85 39 30 96 78 52 5 37 33 76 13 95 82 48 100 41 71 14 3 43 46 29 34 83 55 27 35 86 20 12 7 9 57 87 51 62 60 77 1 8 42 89 31 80 56 97 75 19 53 79 18 24 38 36 99 94 88 16 22 70 66 26 65 4 
Odleglosc: 24134.2

ZAPISANE ITERACJE: 
Iteracja[100]:
Obecna Iteracja 
92 63 6 49 90 10 84 72 21 74 59 15 17 11 32 45 23 98 91 47 93 28 67 58 61 25 81 69 73 50 44 2 54 40 64 68 85 39 30 96 52 78 5 37 33 76 13 95 82 48 100 41 71 14 3 43 46 29 34 83 55 27 35 86 20 12 7 9 57 87 51 62 60 77 1 8 42 89 31 80 56 97 75 19 53 79 18 24 38 36 99 94 88 16 22 70 66 26 65 4 
Odleglosc: 24169.7
Najlepsza Iteracja 
92 63 6 49 90 10 84 72 21 74 59 17 15 11 32 45 23 98 91 47 93 28 67 58 61 25 81 69 73 50 44 2 54 40 64 68 85 39 30 96 78 52 5 37 33 76 13 95 82 48 100 41 71 14 3 43 46 29 34 83 55 27 35 86 20 12 7 9 57 87 51 62 60 77 1 8 42 89 31 80 56 97 75 19 53 79 18 24 38 36 99 94 88 16 22 70 66 26 65 4 
Odleglosc: 24134.2

ZAPISANE ITERACJE: 
Iteracja[500]:
Obecna Iteracja 
92 63 6 49 90 10 84 72 21 74 59 15 17 11 32 45 23 98 91 47 93 28 67 58 61 25 81 69 73 50 44 2 54 40 64 68 85 39 30 96 52 78 5 37 33 76 13 95 82 48 100 41 71 14 3 43 46 29 34 83 55 27 35 86 20 12 7 9 57 87 51 62 60 77 1 8 42 89 31 80 56 97 75 19 53 79 18 24 38 36 99 94 88 16 22 70 66 26 65 4 
Odleglosc: 24169.7
Najlepsza Iteracja 
92 63 6 49 90 10 84 72 21 74 59 17 15 11 32 45 23 98 91 47 93 28 67 58 61 25 81 69 73 50 44 2 54 40 64 68 85 39 30 96 78 52 5 37 33 76 13 95 82 48 100 41 71 14 3 43 46 29 34 83 55 27 35 86 20 12 7 9 57 87 51 62 60 77 1 8 42 89 31 80 56 97 75 19 53 79 18 24 38 36 99 94 88 16 22 70 66 26 65 4 
Odleglosc: 24134.2

ZAPISANE ITERACJE: 
Iteracja[1000]:
Obecna Iteracja 
92 63 6 49 90 10 84 72 21 74 59 17 15 11 32 45 23 98 91 47 93 28 67 58 61 25 81 69 73 50 44 2 54 40 64 68 85 39 30 96 78 52 5 37 33 76 13 95 82 48 100 71 41 29 3 43 46 14 34 83 55 27 35 86 20 12 7 9 57 87 51 62 60 77 1 8 42 89 31 80 56 97 75 19 53 79 18 24 38 36 99 94 88 16 22 70 66 26 65 4 
Odleglosc: 24896.2
Najlepsza Iteracja 
92 63 6 49 90 10 84 72 21 74 59 17 15 11 32 45 23 98 91 47 93 28 67 58 61 25 81 69 73 50 44 2 54 40 64 68 85 39 30 96 78 52 5 37 33 76 13 95 82 48 100 41 71 14 3 43 46 29 34 83 55 27 35 86 20 12 7 9 57 87 51 62 60 77 1 8 42 89 31 80 56 97 75 19 53 79 18 24 38 36 99 94 88 16 22 70 66 26 65 4 
Odleglosc: 24134.2

ZAPISANE ITERACJE: 
Iteracja[2000]:
Obecna Iteracja 
92 63 6 49 90 10 84 72 21 74 59 17 15 11 32 45 23 98 91 47 93 28 67 58 61 25 81 69 73 50 54 2 44 40 64 68 85 39 30 96 78 52 5 37 33 76 13 95 82 48 100 71 41 14 3 43 46 29 34 83 55 27 35 86 20 12 7 9 57 87 51 62 60 77 1 8 42 89 31 80 56 97 75 19 53 79 18 24 38 36 99 94 88 16 22 70 66 26 65 4 
Odleglosc: 24894.6
Najlepsza Iteracja 
92 63 6 49 90 10 84 72 21 74 59 17 15 11 32 45 23 98 91 47 93 28 67 58 61 25 81 69 73 50 44 2 54 40 64 68 85 39 30 96 78 52 5 37 33 76 13 95 82 48 100 41 71 14 3 43 46 29 34 83 55 27 35 86 20 12 7 9 57 87 51 62 60 77 1 8 42 89 31 80 56 97 75 19 53 79 18 24 38 36 99 94 88 16 22 70 66 26 65 4 
Odleglosc: 24134.2

ZAPISANE ITERACJE: 
Iteracja[3000]:
Obecna Iteracja 
92 63 6 49 90 10 84 72 21 74 59 17 15 11 32 45 23 98 91 47 93 28 67 58 61 25 81 69 73 50 44 2 54 40 64 68 85 39 30 96 78 52 5 37 33 76 13 95 82 48 100 71 41 14 3 43 46 29 34 12 55 27 35 86 20 83 7 9 57 87 51 62 60 77 1 8 42 89 31 80 56 97 75 19 53 79 18 24 38 36 99 94 88 16 22 70 66 26 65 4 
Odleglosc: 24894.2
Najlepsza Iteracja 
92 63 6 49 90 10 84 72 21 74 59 17 15 11 32 45 23 98 91 47 93 28 67 58 61 25 81 69 73 50 44 2 54 40 64 68 85 39 30 96 78 52 5 37 33 76 13 95 82 48 100 41 71 14 3 43 46 29 34 83 55 27 35 86 20 12 7 9 57 87 51 62 60 77 1 8 42 89 31 80 56 97 75 19 53 79 18 24 38 36 99 94 88 16 22 70 66 26 65 4 
Odleglosc: 24134.2

L. iteracji | Czas Tabo | Czas dywersyfikacji | L. zmian w dywersyfikacji | Mno¿nik kary Tabo | Precision | Shuffle try
3500:500:300:5:1.00110:70
24134.2:24134.2
92 63 6 49 90 10 84 72 21 74 59 17 15 11 32 45 23 98 91 47 93 28 67 58 61 25 81 69 73 50 44 2 54 40 64 68 85 39 30 96 78 52 5 37 33 76 13 95 82 48 100 41 71 14 3 43 46 29 34 83 55 27 35 86 20 12 7 9 57 87 51 62 60 77 1 8 42 89 31 80 56 97 75 19 53 79 18 24 38 36 99 94 88 16 22 70 66 26 65 4 



ZAPISANE ITERACJE: 
Iteracja[5]:
Obecna Iteracja 
92 63 6 49 90 10 84 72 21 74 59 17 15 11 32 91 98 23 45 47 93 28 67 58 61 25 81 69 73 50 44 2 54 40 64 68 85 39 30 96 78 52 5 37 33 76 13 95 82 48 100 71 41 14 3 46 29 43 34 55 83 27 86 35 20 57 7 9 87 51 12 60 62 77 1 8 42 89 31 80 56 97 75 19 53 79 18 24 38 36 99 94 22 16 88 70 66 65 26 4 
Odleglosc: 25144
Najlepsza Iteracja 
92 63 6 49 90 10 84 72 21 74 59 17 15 11 32 91 98 23 45 47 93 28 67 58 61 25 81 69 73 50 44 2 54 40 64 68 85 39 30 96 78 52 5 37 33 76 13 95 82 48 100 71 41 14 3 46 29 43 34 55 83 27 86 35 20 57 7 9 87 51 12 60 62 77 1 8 42 89 31 80 56 97 75 19 53 79 18 24 38 36 99 94 22 16 88 70 66 65 26 4 
Odleglosc: 25144

ZAPISANE ITERACJE: 
Iteracja[10]:
Obecna Iteracja 
92 63 6 49 90 10 84 72 21 74 59 17 15 11 32 91 98 23 45 47 93 28 67 58 61 25 81 69 73 50 44 2 54 40 64 68 85 39 30 96 78 52 5 37 33 76 13 95 82 48 100 71 41 14 3 43 46 29 34 55 83 27 86 35 20 12 7 9 87 51 57 62 60 77 1 8 42 89 31 80 56 97 75 19 53 79 18 24 38 36 99 94 22 16 88 70 66 26 65 4 
Odleglosc: 24479.8
Najlepsza Iteracja 
92 63 6 49 90 10 84 72 21 74 59 17 15 11 32 91 98 23 45 47 93 28 67 58 61 25 81 69 73 50 44 2 54 40 64 68 85 39 30 96 78 52 5 37 33 76 13 95 82 48 100 71 41 14 3 43 46 29 34 55 83 27 86 35 20 12 7 9 87 51 57 62 60 77 1 8 42 89 31 80 56 97 75 19 53 79 18 24 38 36 99 94 22 16 88 70 66 26 65 4 
Odleglosc: 24479.8

ZAPISANE ITERACJE: 
Iteracja[20]:
Obecna Iteracja 
92 63 6 49 90 10 84 72 21 74 59 15 17 11 32 45 23 98 91 47 93 28 67 58 61 25 81 69 73 50 44 2 54 40 64 68 85 39 30 96 52 78 5 37 33 76 13 95 82 48 100 41 71 14 3 43 46 29 34 83 55 27 35 86 20 12 7 9 57 87 51 62 60 77 1 8 42 89 31 80 56 97 75 19 53 79 18 24 38 36 99 94 88 16 22 70 66 26 65 4 
Odleglosc: 24169.7
Najlepsza Iteracja 
92 63 6 49 90 10 84 72 21 74 59 17 15 11 32 45 23 98 91 47 93 28 67 58 61 25 81 69 73 50 44 2 54 40 64 68 85 39 30 96 78 52 5 37 33 76 13 95 82 48 100 41 71 14 3 43 46 29 34 83 55 27 35 86 20 12 7 9 57 87 51 62 60 77 1 8 42 89 31 80 56 97 75 19 53 79 18 24 38 36 99 94 88 16 22 70 66 26 65 4 
Odleglosc: 24134.2

ZAPISANE ITERACJE: 
Iteracja[50]:
Obecna Iteracja 
92 63 6 49 90 84 10 72 74 59 21 11 15 17 32 45 23 98 91 47 93 28 67 58 61 25 81 69 73 50 44 2 54 40 64 68 85 39 30 52 78 96 5 37 76 33 13 95 82 48 100 41 71 14 3 43 46 29 34 83 55 12 27 35 86 20 9 7 57 51 87 62 60 77 1 8 42 89 31 80 56 97 75 19 53 79 99 36 38 24 18 94 16 22 88 70 66 26 65 4 
Odleglosc: 24753.5
Najlepsza Iteracja 
92 63 6 49 90 84 10 72 21 74 59 15 17 11 32 45 23 98 91 47 93 28 67 58 61 25 81 69 73 50 44 2 54 40 64 68 85 39 30 96 52 78 5 37 33 76 13 95 82 48 100 41 71 14 3 43 46 29 34 83 55 12 27 35 86 20 57 7 9 87 51 62 60 77 1 8 42 89 31 80 56 97 75 19 53 79 18 24 38 36 99 94 88 16 22 70 66 26 65 4 
Odleglosc: 24063.5

ZAPISANE ITERACJE: 
Iteracja[100]:
Obecna Iteracja 
97 92 63 49 6 90 10 72 59 74 21 11 15 17 32 91 45 23 98 47 28 93 67 58 61 81 25 73 50 44 2 40 54 64 69 68 85 30 39 52 78 96 37 5 76 33 13 95 82 48 41 71 100 14 29 46 43 3 34 83 55 12 27 35 86 20 9 7 57 51 87 77 62 60 1 8 89 42 80 31 56 75 19 84 36 99 38 24 18 79 53 16 94 22 88 70 65 66 26 4 
Odleglosc: 26325.4
Najlepsza Iteracja 
92 63 6 49 90 84 10 72 21 74 59 15 17 11 32 45 23 98 91 47 93 28 67 58 61 25 81 69 73 50 44 2 54 40 64 68 85 39 30 96 52 78 5 37 33 76 13 95 82 48 100 41 71 14 3 43 46 29 34 83 55 12 27 35 86 20 57 7 9 87 51 62 60 77 1 8 42 89 31 80 56 97 75 19 53 79 18 24 38 36 99 94 88 16 22 70 66 26 65 4 
Odleglosc: 24063.5

ZAPISANE ITERACJE: 
Iteracja[500]:
Obecna Iteracja 
56 80 31 42 92 63 6 72 59 74 21 11 17 15 98 23 45 91 32 47 1 28 93 58 61 81 25 73 50 44 2 40 64 54 69 68 85 39 30 52 78 96 5 37 13 76 33 95 82 48 71 41 100 14 43 46 3 29 34 83 55 12 27 35 86 87 51 77 60 62 20 7 9 57 67 89 8 75 97 19 49 90 84 10 36 99 38 24 18 79 53 94 88 22 16 70 26 4 66 65 
Odleglosc: 27586.6
Najlepsza Iteracja 
92 63 6 49 90 84 10 72 21 74 59 15 17 11 32 45 23 98 91 47 93 28 67 58 61 25 81 69 73 50 44 2 54 40 64 68 85 39 30 96 52 78 5 37 33 76 13 95 82 48 100 41 71 14 3 43 46 29 34 83 55 12 27 35 86 20 57 7 9 87 51 62 60 77 1 8 42 89 31 80 56 97 75 19 53 79 18 24 38 36 99 94 88 16 22 70 66 26 65 4 
Odleglosc: 24063.5

ZAPISANE ITERACJE: 
Iteracja[1000]:
Obecna Iteracja 
56 80 31 89 42 8 92 72 21 59 74 32 91 23 45 98 11 17 15 47 63 1 28 93 67 25 81 73 69 64 54 40 2 44 50 39 30 85 68 82 95 33 13 76 5 37 96 52 78 48 41 71 100 14 43 3 46 29 34 83 55 35 12 20 27 86 62 60 77 51 87 57 9 7 61 58 6 49 90 75 97 19 53 84 10 36 38 99 24 18 79 16 94 22 88 70 65 66 26 4 
Odleglosc: 27930
Najlepsza Iteracja 
92 63 6 49 90 84 10 72 21 74 59 15 17 11 32 45 23 98 91 47 93 28 67 58 61 25 81 69 73 50 44 2 54 40 64 68 85 39 30 96 52 78 5 37 33 76 13 95 82 48 100 41 71 14 3 43 46 29 34 83 55 12 27 35 86 20 57 7 9 87 51 62 60 77 1 8 42 89 31 80 56 97 75 19 53 79 18 24 38 36 99 94 88 16 22 70 66 26 65 4 
Odleglosc: 24063.5

ZAPISANE ITERACJE: 
Iteracja[2000]:
Obecna Iteracja 
4 56 97 75 19 53 79 72 59 21 74 11 17 15 77 87 51 91 45 32 47 1 92 8 42 80 31 89 54 68 85 50 73 44 2 40 64 82 95 76 33 13 37 5 96 78 52 39 30 14 48 100 71 41 3 43 46 29 55 83 34 57 20 86 35 27 12 9 7 62 60 23 98 93 28 58 61 25 81 69 67 63 49 6 90 10 84 36 99 38 24 18 16 88 94 22 70 66 26 65 
Odleglosc: 28239.9
Najlepsza Iteracja 
92 63 6 49 90 84 10 72 21 74 59 15 17 11 32 45 23 98 91 47 93 28 67 58 61 25 81 69 73 50 44 2 54 40 64 68 85 39 30 96 52 78 5 37 33 76 13 95 82 48 100 41 71 14 3 43 46 29 34 83 55 12 27 35 86 20 57 7 9 87 51 62 60 77 1 8 42 89 31 80 56 97 75 19 53 79 18 24 38 36 99 94 88 16 22 70 66 26 65 4 
Odleglosc: 24063.5

ZAPISANE ITERACJE: 
Iteracja[3000]:
Obecna Iteracja 
4 56 97 75 90 19 53 79 84 10 72 11 15 17 45 98 91 32 47 93 28 1 92 8 42 89 31 80 54 40 64 69 25 73 50 44 2 82 95 33 13 76 5 37 39 30 96 52 78 48 71 41 100 14 43 46 3 29 34 55 83 20 86 12 27 35 62 60 23 77 7 9 57 51 87 85 68 81 61 58 67 49 6 63 59 21 74 36 99 24 38 18 88 16 94 22 70 65 66 26 
Odleglosc: 27880.9
Najlepsza Iteracja 
92 63 6 49 90 84 10 72 21 74 59 15 17 11 32 45 23 98 91 47 93 28 67 58 61 25 81 69 73 50 44 2 54 40 64 68 85 39 30 96 52 78 5 37 33 76 13 95 82 48 100 41 71 14 3 43 46 29 34 83 55 12 27 35 86 20 57 7 9 87 51 62 60 77 1 8 42 89 31 80 56 97 75 19 53 79 18 24 38 36 99 94 88 16 22 70 66 26 65 4 
Odleglosc: 24063.5

ZAPISANE ITERACJE: 
Iteracja[4000]:
Obecna Iteracja 
66 4 97 56 54 2 44 73 50 85 68 81 25 61 58 28 93 91 47 63 49 6 8 42 80 31 89 40 64 92 75 19 53 90 1 67 69 82 95 13 33 76 37 5 96 52 78 39 30 29 3 14 100 48 71 41 43 46 83 55 12 27 35 86 20 57 9 7 34 87 51 77 62 60 98 23 45 32 15 11 17 59 74 21 72 10 84 99 36 38 24 18 79 94 16 88 22 70 65 26 
Odleglosc: 29585.5
Najlepsza Iteracja 
92 63 6 49 90 84 10 72 21 74 59 15 17 11 32 45 23 98 91 47 93 28 67 58 61 25 81 69 73 50 44 2 54 40 64 68 85 39 30 96 52 78 5 37 33 76 13 95 82 48 100 41 71 14 3 43 46 29 34 83 55 12 27 35 86 20 57 7 9 87 51 62 60 77 1 8 42 89 31 80 56 97 75 19 53 79 18 24 38 36 99 94 88 16 22 70 66 26 65 4 
Odleglosc: 24063.5

ZAPISANE ITERACJE: 
Iteracja[5000]:
Obecna Iteracja 
4 53 79 90 47 1 28 93 81 69 73 50 44 85 68 25 51 61 58 67 31 42 8 92 63 49 6 75 19 97 56 80 89 64 40 54 2 82 95 13 33 76 5 37 96 78 52 39 30 48 71 41 100 14 3 43 46 29 83 57 87 7 9 34 55 35 86 12 20 27 60 62 77 91 23 98 45 32 15 17 11 74 21 59 72 84 10 38 36 99 24 18 94 22 16 88 70 26 66 65 
Odleglosc: 27913.1
Najlepsza Iteracja 
92 63 6 49 90 84 10 72 21 74 59 15 17 11 32 45 23 98 91 47 93 28 67 58 61 25 81 69 73 50 44 2 54 40 64 68 85 39 30 96 52 78 5 37 33 76 13 95 82 48 100 41 71 14 3 43 46 29 34 83 55 12 27 35 86 20 57 7 9 87 51 62 60 77 1 8 42 89 31 80 56 97 75 19 53 79 18 24 38 36 99 94 88 16 22 70 66 26 65 4 
Odleglosc: 24063.5

L. iteracji | Czas Tabo | Czas dywersyfikacji | L. zmian w dywersyfikacji | Mno¿nik kary Tabo | Precision | Shuffle try
7000:180:100:10:1.01:10:50
24063.5:24063.5
92 63 6 49 90 84 10 72 21 74 59 15 17 11 32 45 23 98 91 47 93 28 67 58 61 25 81 69 73 50 44 2 54 40 64 68 85 39 30 96 52 78 5 37 33 76 13 95 82 48 100 41 71 14 3 43 46 29 34 83 55 12 27 35 86 20 57 7 9 87 51 62 60 77 1 8 42 89 31 80 56 97 75 19 53 79 18 24 38 36 99 94 88 16 22 70 66 26 65 4 



