50:5000:10:100:500
96112.6:96112.6
50:5000:10:100:500
95939.9:95939.9
50:5000:10:500:500
95634.6:95634.6
50:5000:10:500:500
95615.8:95615.8
50:5000:10:500:500
95524.2:95524.2
50:10000:10:1000:1000
95531.3:95531.3
50:10000:10:1000:1000
95383.5:95383.5
500:20000:10:2000:2000
95133.3:95133.3
500:100:20:1000:1000
95125.7:95125.7
500:100:10:1000:1000
95125.8:95125.8
500:1000:20:1000:1000
96690.2:96690.2
ZAPISANE ITERACJE: 
Iteracja[5]:
<<<<<<< HEAD
1 459 53 126 282 3 325 11 389 446 228 132 186 94 357 367 447 4 376 211 219 148 87 332 195 45 432 452 322 205 384 291 41 177 162 494 203 344 456 39 310 40 119 25 298 387 129 123 86 261 395 142 200 175 182 157 326 236 57 15 265 179 192 361 22 220 449 127 259 151 402 319 85 338 316 321 286 499 189 356 181 307 242 273 342 75 91 347 145 423 474 488 19 281 352 227 134 350 382 49 149 55 364 133 410 408 183 165 285 415 289 84 169 371 47 333 313 6 167 283 35 301 62 434 493 287 147 340 79 48 77 444 117 264 292 232 103 276 246 105 467 496 239 136 193 413 487 198 304 107 115 104 37 427 180 141 13 269 146 59 78 290 411 16 398 29 345 72 20 358 431 331 295 336 353 43 124 240 461 317 160 197 349 388 443 225 88 312 414 163 114 97 280 320 437 61 334 366 323 355 223 451 438 429 377 481 63 244 466 381 116 199 260 69 214 221 135 457 155 101 190 245 249 213 31 64 131 396 417 359 472 32 421 14 140 448 297 172 309 67 339 139 218 422 327 30 80 194 473 435 9 255 54 270 272 314 204 184 161 343 196 164 76 424 209 235 12 257 56 442 8 73 252 393 216 360 463 70 483 318 154 66 71 341 480 46 348 42 253 497 110 28 439 468 83 50 373 156 405 112 479 33 108 401 475 397 299 18 125 251 372 109 185 311 268 92 201 144 433 74 229 44 337 409 113 275 392 440 436 106 378 243 23 404 460 222 306 65 93 351 152 170 96 98 390 247 419 354 188 120 2 379 470 394 482 400 403 210 346 38 238 52 324 478 215 485 187 328 226 484 363 233 153 469 90 82 250 500 430 380 274 492 241 296 143 208 476 171 458 10 51 202 454 138 465 7 174 315 150 158 58 418 166 375 383 224 122 374 308 26 234 102 68 305 303 168 176 441 425 284 121 386 399 489 477 206 100 17 137 212 490 267 277 406 191 34 453 486 391 36 407 370 369 230 130 254 416 95 21 288 258 498 24 231 178 450 426 491 81 455 495 329 471 60 335 300 248 271 445 420 89 27 365 207 412 368 278 128 464 263 173 5 302 362 159 293 462 99 256 330 266 279 428 217 237 385 111 294 262 118 
ZAPISANE ITERACJE: 
Iteracja[10]:
1 459 53 126 282 3 325 11 389 446 228 132 186 94 357 367 447 4 376 211 219 148 87 332 195 45 432 452 322 205 384 291 41 177 162 494 203 344 456 39 310 40 119 25 298 387 129 123 86 261 395 142 200 175 182 157 326 236 57 15 265 179 192 361 22 220 449 127 259 151 402 319 85 338 316 321 286 499 189 356 181 307 242 273 342 75 91 347 145 423 474 488 19 281 352 227 134 350 382 49 149 55 364 133 410 408 183 165 285 415 289 84 169 371 47 333 313 6 167 283 35 301 62 434 493 287 147 340 79 48 77 444 117 264 292 232 103 276 246 105 467 496 239 136 193 413 487 198 304 107 115 104 37 427 180 141 13 269 146 59 78 290 411 16 398 29 345 72 20 358 431 331 295 336 353 43 124 240 461 317 160 197 349 388 443 225 88 312 414 163 114 97 280 320 437 61 334 366 323 355 223 451 438 429 377 481 63 244 466 381 116 199 260 69 214 221 135 457 155 101 190 245 249 213 31 64 131 396 417 359 472 32 421 14 140 448 297 172 309 67 339 139 218 422 327 30 80 194 473 435 9 255 54 270 272 314 204 184 161 343 196 164 76 424 209 235 12 257 56 442 8 73 252 393 216 360 463 70 483 318 154 66 71 341 480 46 348 42 253 497 110 28 439 468 83 50 373 156 405 112 479 33 108 401 475 397 299 18 125 251 372 109 185 311 268 92 201 144 433 74 229 44 337 409 113 275 392 440 436 106 378 243 23 404 460 222 306 65 93 351 152 170 96 98 390 247 419 354 188 120 2 379 470 394 482 400 403 210 38 346 238 52 324 478 215 485 187 328 226 484 363 233 153 469 90 82 250 500 430 380 274 492 241 296 143 208 476 171 458 10 51 202 454 138 465 7 174 315 150 158 58 418 166 375 383 224 122 374 308 26 234 102 68 305 303 168 176 441 425 284 121 386 399 489 477 206 100 17 137 212 490 267 277 406 191 34 453 486 391 36 407 370 369 230 130 254 416 95 21 288 258 498 24 231 178 450 426 491 81 455 495 329 471 60 335 300 248 271 445 420 89 27 365 207 412 368 278 128 464 263 173 5 302 362 159 293 462 99 256 330 266 279 428 217 237 385 111 294 262 118 
ZAPISANE ITERACJE: 
Iteracja[20]:
1 459 53 126 282 3 325 11 389 446 228 132 186 94 357 367 447 4 376 211 219 148 87 332 195 45 432 452 322 205 384 291 41 177 162 494 203 344 456 39 310 40 119 25 298 387 129 123 86 261 395 142 200 175 182 157 326 236 57 15 265 179 192 361 22 220 449 127 259 151 402 319 85 338 316 321 286 499 189 356 181 307 242 273 342 75 91 347 145 423 474 488 19 281 352 227 134 350 382 49 149 55 364 133 410 408 183 165 285 415 289 84 169 371 47 333 313 6 167 283 35 301 62 434 493 287 147 340 79 48 77 444 117 264 292 232 103 276 246 105 467 496 239 136 193 413 487 198 304 107 115 104 37 427 180 141 13 269 146 59 78 290 411 16 398 29 345 72 20 358 431 331 295 336 353 43 124 240 461 317 160 197 349 388 443 225 88 312 414 163 114 97 280 320 437 61 334 366 323 355 223 451 438 429 377 481 63 244 466 381 116 199 260 69 214 221 135 457 155 101 190 245 249 213 31 64 131 396 417 359 472 32 421 14 140 448 297 172 309 67 339 139 218 422 327 30 80 194 473 435 9 255 54 270 272 314 204 184 161 343 196 164 76 424 209 235 12 257 56 442 8 73 252 393 216 360 463 70 483 318 154 66 71 341 480 46 348 42 253 497 110 28 439 468 83 50 373 156 405 112 479 33 108 401 475 397 299 18 125 251 372 109 185 311 268 92 201 144 433 74 229 44 337 409 113 275 392 440 436 106 378 243 23 404 460 222 306 65 93 351 152 170 96 98 390 247 419 354 188 120 2 379 470 394 482 400 403 210 38 346 238 52 324 478 215 485 187 328 226 484 363 233 153 469 90 82 250 500 430 380 274 492 241 296 143 208 476 171 458 166 51 202 454 138 465 7 174 315 150 158 58 418 10 375 383 224 122 374 308 26 234 102 68 305 303 168 176 441 425 284 121 386 399 489 477 206 100 17 137 212 490 267 277 406 191 34 453 486 391 36 407 370 369 230 130 254 416 95 21 288 258 498 24 231 178 450 426 491 81 455 495 329 471 60 335 300 248 271 445 420 89 27 365 207 412 368 278 128 464 263 173 5 302 362 159 293 462 99 256 330 266 279 428 217 237 385 111 294 262 118 
L. iteracji | Czas Tabo | Czas dywersyfikacji | L. zmian w dywersyfikacji | Mno¿nik kary Tabo
1000:20:5:20:1.0005
96709.5:96709.5
1 459 53 126 282 3 325 11 389 446 228 132 186 94 357 367 447 4 376 211 219 148 87 332 195 45 432 452 322 205 384 291 41 177 162 494 203 344 456 39 310 40 119 25 298 387 129 123 86 261 395 142 200 175 182 157 326 236 57 15 265 179 192 361 22 220 449 127 259 151 402 319 85 338 316 321 286 499 356 189 181 307 242 273 342 75 91 347 145 423 474 488 19 281 352 227 134 350 382 49 149 55 364 133 410 408 165 285 415 77 289 84 169 371 47 333 313 6 167 283 35 301 62 434 493 287 147 340 79 48 183 444 117 264 292 232 103 276 246 105 467 496 239 136 193 413 487 198 304 107 115 104 37 427 180 141 13 269 146 59 78 290 411 16 398 29 345 72 20 358 431 331 295 336 353 43 124 240 461 317 160 197 349 388 443 225 88 312 414 163 114 97 280 320 437 61 334 355 323 366 223 429 438 451 377 481 63 244 466 381 116 199 260 69 214 221 135 457 155 101 190 245 249 213 31 64 131 396 417 359 472 32 421 14 140 448 297 172 67 309 339 139 218 422 327 30 80 194 473 435 9 255 54 270 272 314 204 184 161 343 196 164 76 424 209 235 12 257 56 442 8 73 252 216 393 360 463 70 483 318 154 66 71 341 28 480 46 42 348 110 497 253 439 468 83 50 373 156 405 112 479 33 108 401 475 397 299 18 125 251 372 109 185 311 268 92 201 144 433 74 229 44 337 409 113 275 392 440 436 106 243 378 23 404 460 222 306 65 93 351 152 170 96 98 390 247 419 354 188 120 2 379 470 394 482 400 210 403 38 346 238 52 324 478 215 485 187 328 226 484 363 233 153 469 90 82 250 500 430 380 274 492 241 296 143 375 476 171 458 10 202 51 454 138 465 7 174 150 315 158 58 418 166 208 224 383 122 374 308 26 234 102 68 305 303 168 176 441 284 425 121 386 399 489 206 477 100 17 137 212 490 267 277 406 495 191 34 453 486 36 407 370 369 230 130 254 416 95 21 288 258 498 24 231 178 450 426 491 81 455 391 329 471 60 335 300 248 445 271 420 89 27 365 207 412 368 278 128 464 263 173 5 362 302 159 293 462 99 256 266 330 279 217 428 237 385 111 294 262 118 
ZAPISANE ITERACJE: 
Iteracja[5]:
1 459 53 126 282 3 325 11 389 446 228 132 186 94 357 367 447 4 376 211 219 148 87 332 195 45 432 452 322 205 384 291 41 177 162 494 203 344 456 39 310 40 119 25 298 387 129 123 86 261 395 142 200 175 182 157 326 236 57 15 265 179 192 361 22 220 449 127 259 151 402 319 85 338 316 321 286 499 189 356 181 307 242 273 342 75 91 347 145 423 474 488 19 281 352 227 134 350 382 49 149 55 364 133 410 408 183 165 285 415 289 84 169 371 47 333 313 6 167 283 35 301 62 434 493 287 147 340 79 48 77 444 117 264 292 232 103 276 246 105 467 496 239 136 193 413 487 198 304 107 115 104 37 427 180 141 13 269 146 59 78 290 411 16 398 29 345 72 20 358 431 331 295 336 353 43 124 240 461 317 160 197 349 388 443 225 88 312 414 163 114 97 280 320 437 61 334 366 323 355 223 451 438 429 377 481 63 244 466 381 116 199 260 69 214 221 135 457 155 101 190 245 249 213 31 64 131 396 417 359 472 32 421 14 140 448 297 172 67 309 339 139 218 422 327 30 80 194 473 435 9 255 54 270 272 314 204 184 161 343 196 164 76 424 209 235 12 257 56 442 8 73 252 393 216 360 463 70 483 318 154 66 71 341 480 46 348 42 253 497 110 28 439 468 83 50 373 156 405 112 479 33 108 401 475 397 299 18 125 251 372 109 185 311 268 92 201 144 433 74 229 44 337 409 113 275 392 440 436 106 378 243 23 404 460 222 306 65 93 351 152 170 96 98 390 247 419 354 188 120 2 379 470 394 482 400 403 210 346 38 238 52 324 478 215 485 187 328 226 484 363 233 153 469 90 82 250 500 430 380 274 492 241 296 143 208 476 171 458 10 51 202 454 138 465 7 174 315 150 158 58 418 166 375 383 224 122 374 308 26 234 102 68 305 303 168 176 441 425 284 121 386 399 489 477 206 100 17 137 212 490 267 277 406 191 34 453 486 391 36 407 370 369 230 130 254 416 95 21 288 258 498 24 231 178 450 426 491 81 455 495 329 471 60 335 300 248 271 445 420 89 27 365 207 412 368 278 128 263 464 173 5 302 362 159 293 462 99 256 330 266 279 428 217 237 385 111 294 262 118 
ZAPISANE ITERACJE: 
Iteracja[10]:
1 459 53 126 282 3 325 11 389 446 228 132 186 94 357 367 447 4 376 211 219 148 87 332 195 45 432 452 322 205 384 291 41 177 162 494 203 344 456 39 310 40 119 25 298 387 129 123 86 261 395 142 200 175 182 157 326 236 57 15 265 179 192 361 22 220 449 127 259 151 402 319 85 338 316 321 286 499 189 356 181 307 242 273 342 75 91 347 145 423 474 488 19 281 352 227 134 350 382 49 149 55 364 133 410 408 183 165 285 415 289 84 169 371 47 333 313 6 167 283 35 301 62 434 493 287 147 340 79 48 77 444 117 264 292 232 103 276 246 105 467 496 239 136 193 413 487 198 304 107 115 104 37 427 180 141 13 269 146 59 78 290 411 16 398 29 345 72 20 358 431 331 295 336 353 43 124 240 461 317 160 197 349 388 443 225 88 312 414 163 114 97 280 320 437 61 334 366 323 355 223 451 438 429 377 481 63 244 466 381 116 199 260 69 214 221 135 457 155 101 190 245 249 213 31 64 131 396 417 359 472 32 421 14 140 448 297 172 67 309 339 139 218 422 327 30 80 194 473 435 9 255 54 270 272 314 204 184 161 343 196 164 76 424 209 235 12 257 56 442 8 73 252 393 216 360 463 70 483 318 154 66 71 341 480 46 348 42 253 497 110 28 439 468 83 50 373 156 405 112 479 33 108 401 475 397 299 18 125 251 372 109 185 311 268 92 201 144 433 74 229 44 337 409 113 275 392 440 436 106 378 243 23 404 460 222 306 65 93 351 152 170 96 98 390 247 419 354 188 120 2 379 470 394 482 400 403 210 346 38 238 52 324 478 215 485 187 328 226 484 363 233 153 469 90 82 250 500 430 380 274 492 241 296 143 208 476 171 458 10 51 202 454 138 465 7 174 315 150 158 58 418 166 375 383 224 122 374 308 26 234 102 68 305 303 168 176 441 425 284 121 386 399 489 477 206 100 17 137 212 490 267 277 406 191 34 453 486 391 36 407 370 369 230 130 254 416 95 21 288 258 498 24 231 178 450 426 491 81 455 495 329 471 60 335 300 248 271 445 420 89 27 365 207 412 368 278 128 464 263 173 5 302 362 159 293 462 99 256 330 266 279 428 217 237 385 111 294 262 118 
ZAPISANE ITERACJE: 
Iteracja[20]:
1 459 53 126 282 3 325 11 389 446 228 132 186 94 357 367 447 4 376 211 219 148 87 332 195 45 432 452 322 205 384 291 41 177 162 494 203 344 456 39 310 40 119 25 298 387 129 123 86 261 395 142 200 175 182 157 326 236 57 15 265 179 192 361 22 220 449 127 259 151 402 319 85 338 316 321 286 499 189 356 181 307 242 273 342 75 91 347 145 423 474 488 19 281 352 227 134 350 382 49 149 55 364 133 410 408 183 165 285 415 289 84 169 371 47 333 313 6 167 283 35 301 62 434 493 287 147 340 79 48 77 444 117 264 292 232 103 276 246 105 467 496 239 136 193 413 487 198 304 107 115 104 37 427 180 141 13 269 146 59 78 290 411 16 398 29 345 72 20 358 431 331 295 336 353 43 124 240 461 317 160 197 349 388 443 225 88 312 414 163 114 97 280 320 437 61 334 366 323 355 223 451 438 429 377 481 63 244 466 381 116 199 260 69 214 221 135 457 155 101 190 245 249 213 31 64 131 396 417 359 472 32 421 14 140 448 297 172 67 309 339 139 218 422 327 30 80 194 473 435 9 255 54 270 272 314 204 184 161 343 196 164 76 424 209 235 12 257 56 442 8 73 252 393 216 360 463 70 483 318 154 66 71 341 480 46 348 42 253 497 110 28 439 468 83 50 373 156 405 112 479 33 108 401 475 397 299 18 125 251 372 109 185 311 268 92 201 144 433 74 229 44 337 409 113 275 392 440 436 106 378 243 23 404 460 222 306 65 93 351 152 170 96 98 390 247 419 354 188 120 2 379 470 394 482 400 403 210 346 38 238 52 324 478 215 485 187 328 226 484 363 233 153 469 90 82 250 500 430 380 274 492 241 296 143 208 476 171 458 10 51 202 454 138 465 7 174 315 150 158 58 418 166 375 383 224 122 374 308 26 234 102 68 303 305 168 176 441 425 284 121 386 399 489 477 206 100 17 137 212 490 267 277 406 191 34 453 486 391 36 407 370 369 230 130 254 416 95 21 288 258 498 24 231 178 450 426 491 81 455 495 329 471 60 335 300 248 271 445 420 89 27 365 207 412 368 278 128 464 263 173 5 302 362 159 293 462 99 256 330 266 279 428 217 237 385 111 294 262 118 
L. iteracji | Czas Tabo | Czas dywersyfikacji | L. zmian w dywersyfikacji | Mno¿nik kary Tabo
1000:20:10:30:1.00001
96758.8:96758.8
1 459 53 126 282 3 325 11 389 446 228 132 186 94 357 367 447 4 376 211 219 148 87 332 195 45 432 452 322 205 384 291 41 177 162 494 203 344 456 39 310 40 119 25 298 387 129 123 86 261 395 142 200 175 182 157 326 236 57 15 265 179 192 361 22 220 449 127 259 151 402 319 85 338 316 321 286 499 189 356 181 307 242 273 342 75 91 347 145 423 474 488 19 281 352 227 134 350 382 49 149 55 364 133 410 408 165 285 415 77 289 84 169 371 47 333 313 6 167 283 35 301 62 434 493 287 147 340 79 48 183 444 117 264 292 232 103 276 246 105 467 496 239 136 193 413 487 198 304 107 115 104 37 427 180 141 13 269 146 59 78 290 411 16 398 29 345 72 20 358 431 331 295 336 353 43 124 240 461 317 160 197 349 388 443 225 88 312 414 163 114 97 280 320 437 61 334 355 323 366 223 429 438 451 377 481 63 244 466 381 116 199 260 69 214 221 135 457 155 101 190 245 249 213 31 64 131 396 417 359 472 32 421 14 140 448 297 172 67 309 339 139 218 422 327 30 80 194 473 435 9 255 54 270 272 314 204 184 161 343 196 164 76 424 209 235 12 257 56 442 8 73 252 216 393 360 463 70 483 318 154 66 71 341 28 480 46 42 348 110 497 253 439 468 83 50 373 156 405 112 479 33 108 401 475 397 299 18 125 251 372 109 185 311 268 92 201 144 433 74 229 44 337 409 113 275 392 440 436 106 243 378 23 404 460 222 306 65 93 351 152 170 96 98 390 247 419 354 188 120 2 379 470 394 482 400 403 210 38 346 238 52 324 478 215 485 187 328 226 484 363 233 153 469 90 82 250 500 430 380 274 492 241 296 143 208 476 171 458 166 202 51 454 138 465 7 150 315 174 158 58 418 10 375 224 383 122 374 308 26 234 102 68 305 303 168 176 441 425 284 121 386 399 489 477 206 100 17 137 212 490 267 277 406 191 34 453 486 391 36 407 370 369 230 130 254 416 95 21 288 258 498 24 231 178 450 426 491 81 455 495 329 471 60 335 300 248 445 271 420 89 27 365 207 412 368 278 128 464 263 173 5 362 302 159 293 462 99 256 266 330 279 217 428 237 385 111 294 262 118 
ZAPISANE ITERACJE: 
Iteracja[5]:
1 459 53 126 282 3 325 11 389 446 228 132 186 94 357 367 447 4 376 211 219 148 87 332 195 45 432 452 322 205 384 291 41 177 162 494 203 344 456 39 310 40 119 25 298 387 129 123 86 261 395 142 200 175 182 157 326 236 57 15 265 179 192 361 22 220 449 127 259 151 402 319 85 338 316 321 286 499 189 356 181 307 242 273 342 75 91 347 145 423 474 488 19 281 352 227 134 350 382 49 149 55 364 133 410 408 183 165 285 415 289 84 169 371 47 333 313 6 167 283 35 301 62 434 493 287 147 340 79 48 77 444 117 264 292 232 103 276 246 105 467 496 239 136 193 413 487 198 304 107 115 104 37 427 180 141 13 269 146 59 78 290 411 16 398 29 345 72 20 358 431 331 295 336 353 43 124 240 461 317 160 197 349 388 443 225 88 312 414 163 114 97 280 320 437 61 334 366 323 355 223 451 438 429 377 481 63 244 466 381 116 199 260 69 214 221 135 457 155 101 190 245 249 213 31 64 131 396 417 359 472 32 421 14 140 448 297 172 309 67 339 139 218 422 327 30 80 194 473 435 9 255 54 270 272 314 204 184 161 343 196 164 76 424 209 235 12 257 56 442 8 73 252 216 393 360 463 70 483 318 154 66 71 341 480 46 348 42 253 497 110 28 439 468 83 50 373 156 405 112 479 33 108 401 475 397 299 18 125 251 372 109 185 311 268 92 201 144 433 74 229 44 337 409 113 275 392 440 436 106 378 243 23 404 460 222 306 65 93 351 152 170 96 98 390 247 419 354 188 120 2 379 470 394 482 400 403 210 346 38 238 52 324 478 215 485 187 328 226 484 363 233 153 469 90 82 250 500 430 380 274 492 241 296 143 208 476 171 458 10 51 202 454 138 465 7 174 315 150 158 58 418 166 375 383 224 122 374 308 26 234 102 68 305 303 168 176 441 425 284 121 386 399 489 477 206 100 17 137 212 490 267 277 406 191 34 453 486 391 36 407 370 369 230 130 254 416 95 21 288 258 498 24 231 178 450 426 491 81 455 495 329 471 60 335 300 248 271 445 420 89 27 365 207 412 368 278 128 263 464 173 5 302 362 159 293 462 99 256 330 266 279 428 217 237 385 111 294 262 118 
ZAPISANE ITERACJE: 
Iteracja[10]:
1 459 53 126 282 3 325 11 389 446 228 132 186 94 357 367 447 4 376 211 219 148 87 332 195 45 432 452 322 205 384 291 41 177 162 494 203 344 456 39 310 40 119 25 298 387 129 123 86 261 395 142 200 175 182 157 326 236 57 15 265 179 192 361 22 220 449 127 259 151 402 319 85 338 316 321 286 499 189 356 181 307 242 273 342 75 91 347 145 423 474 488 19 281 352 227 134 350 382 49 149 55 364 133 410 408 183 165 285 415 289 84 169 371 47 333 313 6 167 283 35 301 62 434 493 287 147 340 79 48 77 444 117 264 292 232 103 276 246 105 467 496 239 136 193 413 487 198 304 107 115 104 37 427 180 141 13 269 146 59 78 290 411 16 398 29 345 72 20 358 431 331 295 336 353 43 124 240 461 317 160 197 349 388 443 225 88 312 414 163 114 97 280 320 437 61 334 366 323 355 223 451 438 429 377 481 63 244 466 381 116 199 260 69 214 221 135 457 155 101 190 245 249 213 31 64 131 396 417 359 472 32 421 14 140 448 297 172 309 67 339 139 218 422 327 30 80 194 473 435 9 255 54 270 272 314 204 184 161 343 196 164 76 424 209 235 12 257 56 442 8 73 252 216 393 360 463 70 483 318 154 66 71 341 480 46 348 42 253 497 110 28 439 468 83 50 373 156 405 112 479 33 108 401 475 397 299 18 125 251 372 109 185 311 268 92 201 144 433 74 229 44 337 409 113 275 392 440 436 106 378 243 23 404 460 222 306 65 93 351 152 170 96 98 390 247 419 354 188 120 2 379 470 394 482 400 403 210 346 38 238 52 324 478 215 485 187 328 226 484 363 233 153 469 90 82 250 500 430 380 274 492 241 296 143 208 476 171 458 10 51 202 454 138 465 7 174 315 150 158 58 418 166 375 383 224 122 374 308 26 234 102 68 305 303 168 176 441 425 284 121 386 399 489 477 206 100 17 137 212 490 267 277 406 191 34 453 486 391 36 407 370 369 230 130 254 416 95 21 288 258 498 24 231 178 450 426 491 81 455 495 329 471 60 335 300 248 271 445 420 89 27 365 207 412 368 278 128 263 464 173 5 302 362 159 293 462 99 256 266 330 279 428 217 237 385 111 294 262 118 
ZAPISANE ITERACJE: 
Iteracja[20]:
1 459 53 126 282 3 325 11 389 446 228 132 186 94 357 367 447 4 376 211 219 148 87 332 195 45 432 452 322 205 384 291 41 177 162 494 203 344 456 39 310 40 119 25 298 387 129 123 86 261 395 142 200 175 182 157 326 236 57 15 265 179 192 361 22 220 449 127 259 151 402 319 85 338 316 321 286 499 189 356 181 307 242 273 342 75 91 347 145 423 474 488 19 281 352 227 134 350 382 49 149 55 364 133 410 408 183 165 285 415 289 84 169 371 47 333 313 6 167 283 35 301 62 434 493 287 147 340 79 48 77 444 117 264 292 232 103 276 246 105 467 496 239 136 193 413 487 198 304 107 115 104 37 427 180 141 13 269 146 59 78 290 411 16 398 29 345 72 20 358 431 331 295 336 353 43 124 240 461 317 160 197 349 388 443 225 88 312 414 163 114 97 280 320 437 61 334 366 323 355 223 451 438 429 377 481 63 244 466 381 116 199 260 69 214 221 135 457 155 101 190 245 249 213 31 64 131 396 417 359 472 32 421 14 140 448 297 172 309 67 339 139 218 422 327 30 80 194 473 435 9 255 54 270 272 314 204 184 161 343 196 164 76 424 209 235 12 257 56 442 8 73 252 216 393 360 463 70 483 318 154 66 71 341 480 46 348 42 253 497 110 28 439 468 83 50 373 156 405 112 479 33 108 401 475 397 299 18 125 251 372 109 185 311 268 92 201 144 433 74 229 44 337 409 113 275 392 440 436 106 378 243 23 404 460 222 306 65 93 351 152 170 96 98 390 247 419 354 188 120 2 379 470 394 482 400 403 210 346 38 238 52 324 478 215 485 187 328 226 484 363 233 153 469 90 82 250 500 430 380 274 492 241 296 143 208 476 171 458 10 51 202 454 138 465 7 174 315 150 158 58 418 166 375 383 224 122 374 308 26 234 102 68 305 303 168 176 441 425 284 121 386 399 489 477 206 100 17 137 212 490 267 277 406 191 34 453 486 391 36 407 370 369 230 130 254 416 95 21 288 258 498 24 231 178 450 426 491 81 455 495 329 471 60 335 300 248 271 445 420 89 27 365 207 412 368 278 128 464 263 173 5 302 362 159 293 462 99 256 266 330 279 428 217 237 385 111 294 262 118 
L. iteracji | Czas Tabo | Czas dywersyfikacji | L. zmian w dywersyfikacji | Mno¿nik kary Tabo
1000:30:10:100:1.001
96843.4:96843.4
1 459 53 126 282 3 325 11 389 446 228 132 186 94 357 367 447 4 376 211 219 148 87 332 195 45 432 452 322 205 384 291 41 177 162 494 203 344 456 39 310 40 119 25 298 387 129 123 86 261 395 142 200 175 182 157 326 236 57 15 265 179 192 361 22 220 449 127 259 151 402 319 85 338 316 321 286 499 356 189 181 307 242 273 342 75 91 347 145 423 474 488 19 281 352 227 134 350 382 49 149 55 364 133 410 408 165 285 415 77 289 84 169 371 47 333 313 6 167 283 35 301 62 434 493 287 147 340 79 48 183 444 117 264 292 232 103 276 246 105 467 496 239 136 193 413 487 198 304 107 115 104 37 427 141 180 13 269 146 59 78 290 411 16 398 29 345 72 20 358 431 331 295 336 353 43 124 240 461 317 160 197 349 388 443 225 88 312 414 163 114 97 280 320 437 61 334 355 323 366 223 429 438 451 377 481 63 244 466 381 116 199 260 69 214 221 135 457 155 101 190 245 249 213 31 64 131 396 417 359 472 32 421 14 140 448 297 172 67 309 339 139 218 422 327 30 80 194 473 435 9 255 54 270 272 314 204 184 161 343 196 164 76 424 209 235 12 257 56 442 8 73 252 216 393 360 463 70 483 318 154 66 71 341 28 480 46 42 348 110 497 253 439 468 83 50 373 156 405 33 479 112 397 401 475 108 299 18 125 251 372 109 185 311 268 92 144 433 445 229 74 44 337 409 113 275 392 440 436 106 243 378 23 404 460 222 306 65 93 351 152 170 96 98 390 247 419 354 188 120 2 379 470 394 482 400 403 210 38 346 238 52 324 478 215 485 187 328 226 484 363 233 153 469 90 82 250 500 430 380 274 492 241 296 143 375 476 171 458 10 51 202 454 138 465 7 150 315 174 58 158 418 166 208 224 383 122 374 308 26 234 102 68 305 303 168 176 441 284 425 386 121 399 489 477 206 100 17 137 212 490 267 277 406 495 453 34 191 486 36 407 370 369 230 130 254 416 95 21 288 258 498 24 178 231 450 426 491 81 455 391 329 471 60 335 300 248 201 271 420 89 27 207 365 412 368 278 128 464 263 173 5 362 302 159 293 462 99 256 266 330 279 217 428 237 385 111 294 262 118 
ZAPISANE ITERACJE: 
Iteracja[5]:
1 459 53 126 282 3 325 11 389 446 228 132 186 94 357 367 447 4 376 211 219 148 87 332 195 45 432 452 322 205 384 291 41 177 162 494 203 344 456 39 310 40 119 25 298 387 129 123 86 261 395 142 200 175 182 157 326 236 57 15 265 179 192 361 22 220 449 127 259 151 402 319 85 338 316 321 286 499 189 356 181 307 242 273 342 75 91 347 145 423 474 488 19 281 352 227 134 350 382 49 149 55 364 133 410 408 183 165 285 415 289 84 169 371 47 333 313 6 167 283 35 301 62 434 493 287 147 340 79 48 77 444 117 264 292 232 103 276 246 105 467 496 239 136 193 413 487 198 304 107 115 104 37 427 180 141 13 269 146 59 78 290 411 16 398 29 345 72 20 358 431 331 295 336 353 43 124 240 461 317 160 197 349 388 443 225 88 312 414 163 114 97 280 320 437 61 334 366 323 355 223 451 438 429 377 481 63 244 466 381 116 199 260 69 214 221 135 457 155 101 190 245 249 213 31 64 131 396 417 359 472 32 421 14 140 448 297 172 309 67 339 139 218 422 327 30 80 194 473 435 9 255 54 270 272 314 204 184 161 343 196 164 76 424 209 235 12 257 56 442 8 73 252 393 216 360 463 70 483 318 154 66 71 341 480 46 348 42 253 497 110 28 439 468 83 50 373 156 405 112 479 33 108 401 475 397 299 18 125 251 372 109 185 311 268 92 201 144 433 74 229 44 337 409 113 275 392 440 436 106 378 243 23 404 460 222 306 65 93 351 152 170 96 98 390 247 419 354 188 120 2 379 470 394 482 400 403 210 38 346 238 52 324 478 215 485 187 328 226 484 363 233 153 469 90 82 250 500 430 380 274 492 241 296 143 208 476 171 458 10 51 202 454 138 465 7 174 315 150 158 58 418 166 375 383 224 122 374 308 26 234 102 68 305 303 168 176 441 425 284 121 386 399 489 477 206 100 17 137 212 490 267 277 406 191 34 453 486 391 36 407 370 369 230 130 254 416 95 21 288 258 498 24 231 178 450 426 491 81 455 495 329 471 60 335 300 248 271 445 420 89 27 365 207 412 368 278 128 263 464 173 5 302 362 159 293 462 99 256 330 266 279 428 217 237 385 111 294 262 118 
ZAPISANE ITERACJE: 
Iteracja[5]:
1 459 53 126 282 3 325 11 389 446 228 132 186 94 357 367 447 4 376 211 219 148 87 332 195 45 432 452 322 205 384 291 41 177 162 494 203 344 456 39 310 40 119 25 298 387 129 123 86 261 395 142 200 175 182 157 326 236 57 15 265 179 192 361 22 220 449 127 259 151 402 319 85 338 316 321 286 499 189 356 181 307 242 273 342 75 91 347 145 423 474 488 19 281 352 227 134 350 382 49 149 55 364 133 410 408 183 165 285 415 289 84 169 371 47 333 313 6 167 283 35 301 62 434 493 287 147 340 79 48 77 444 117 264 292 232 103 276 246 105 467 496 239 136 193 413 487 198 304 107 115 104 37 427 180 141 13 269 146 59 78 290 411 16 398 29 345 72 20 358 431 331 295 336 353 43 124 240 461 317 160 197 349 388 443 225 88 312 414 163 114 97 280 320 437 61 334 366 323 355 223 451 438 429 377 481 63 244 466 381 116 199 260 69 214 221 135 457 155 101 190 245 249 213 31 64 131 396 417 359 472 32 421 14 140 448 297 172 309 67 339 139 218 422 327 30 80 194 473 435 9 255 54 270 272 314 204 184 161 343 196 164 76 424 209 235 12 257 56 442 8 73 252 216 393 360 463 70 483 318 154 66 71 341 480 46 348 42 253 497 110 28 439 468 83 50 373 156 405 112 479 33 108 401 475 397 299 18 125 251 372 109 185 311 268 92 201 144 433 74 229 44 337 409 113 275 392 440 436 106 378 243 23 404 460 222 306 65 93 351 152 170 96 98 390 247 419 354 188 120 2 379 470 394 482 400 403 210 346 38 238 52 324 478 215 485 187 328 226 484 363 233 153 469 90 82 250 500 430 380 274 492 241 296 143 208 476 171 458 10 51 202 454 138 465 7 174 315 150 158 58 418 166 375 383 224 122 374 308 26 234 102 68 305 303 168 176 441 425 284 121 386 399 489 477 206 100 17 137 212 490 267 277 406 191 34 453 486 391 36 407 370 369 230 130 254 416 95 21 288 258 498 24 231 178 450 426 491 81 455 495 329 471 60 335 300 248 271 445 420 89 27 365 207 412 368 278 128 263 464 173 5 302 362 159 293 462 99 256 330 266 279 428 217 237 385 111 294 262 118 
L. iteracji | Czas Tabo | Czas dywersyfikacji | L. zmian w dywersyfikacji | Mno¿nik kary Tabo
3000:40:60:10:1.005
96901.6:96901.6
1 459 53 126 282 3 325 11 389 446 228 132 186 94 357 367 447 4 376 211 219 148 87 332 195 45 432 452 384 205 322 291 41 177 162 494 203 344 456 39 310 40 119 25 298 387 129 123 86 261 395 142 200 175 182 157 326 236 57 15 265 179 192 361 22 220 449 127 259 151 402 319 85 338 316 321 286 499 189 356 181 307 242 273 75 342 91 347 145 423 474 488 19 281 352 227 134 350 382 49 149 55 364 133 410 408 285 165 415 77 289 84 169 371 47 333 313 6 167 283 35 301 62 434 493 287 147 340 79 48 183 444 117 264 292 232 103 276 246 105 467 496 239 136 193 413 487 198 304 107 115 104 37 427 180 141 13 269 146 59 78 290 411 16 398 29 345 72 20 358 431 331 295 336 353 43 124 240 461 317 160 197 349 388 443 225 88 312 414 163 114 97 280 320 437 61 334 355 323 366 223 429 438 451 377 481 63 244 466 381 116 199 260 69 214 221 135 457 155 101 190 245 249 213 31 64 131 396 417 359 472 32 421 14 140 448 297 172 67 309 339 139 218 422 327 30 80 194 473 435 9 255 54 270 272 314 204 184 161 343 196 164 76 424 209 235 12 257 56 442 8 73 252 216 393 360 463 70 483 318 154 66 71 341 28 480 46 42 348 110 497 253 439 468 83 50 373 156 405 33 479 112 397 401 475 108 299 18 125 251 372 109 185 311 268 92 201 144 74 229 44 337 445 409 113 275 392 440 436 106 243 378 23 404 460 222 306 65 93 351 152 170 96 98 390 247 419 354 188 120 2 379 470 394 482 400 403 210 38 346 238 52 324 478 215 485 187 328 226 484 363 233 153 469 90 82 250 500 430 380 274 492 241 296 143 208 476 171 458 166 202 51 454 138 465 7 150 315 174 58 158 418 10 375 224 383 122 374 308 26 234 102 68 305 303 168 176 441 284 425 121 386 399 489 206 477 100 17 137 212 490 267 277 406 495 191 34 453 486 36 407 370 369 230 130 254 416 95 21 288 258 498 24 231 178 450 426 491 81 455 391 329 471 60 335 300 248 433 271 420 89 27 365 207 412 368 128 278 464 263 173 5 302 362 159 293 462 99 256 266 330 279 217 428 237 385 111 294 262 118 
ZAPISANE ITERACJE: 
Iteracja[5]:
1 459 53 126 282 3 325 11 389 446 228 132 186 94 357 367 447 4 376 211 219 148 87 332 195 45 432 452 322 205 384 291 41 177 162 494 203 344 456 39 310 40 119 25 298 387 129 123 86 261 395 142 200 175 182 157 326 236 57 15 265 179 192 361 22 220 449 127 259 151 402 319 85 338 316 321 286 499 189 356 181 307 242 273 342 75 91 347 145 423 474 488 19 281 352 227 134 350 382 49 149 55 364 133 410 408 183 165 285 415 289 84 169 371 47 333 313 6 167 283 35 301 62 434 493 287 147 340 79 48 77 444 117 264 292 232 103 276 246 105 467 496 239 136 193 413 487 198 304 107 115 104 37 427 180 141 13 269 146 59 78 290 411 16 398 29 345 72 20 358 431 331 295 336 353 43 124 240 461 317 160 197 349 388 443 225 88 312 414 163 114 97 280 320 437 61 334 366 323 355 223 451 438 429 377 481 63 244 466 381 116 199 260 69 214 221 135 457 155 101 190 245 249 213 31 64 131 396 417 359 472 32 421 14 140 448 297 172 309 67 339 139 218 422 327 30 80 194 473 435 9 255 54 270 272 314 204 184 161 343 196 164 76 424 209 235 12 257 56 442 8 73 252 216 393 360 463 70 483 318 154 66 71 341 480 46 348 42 253 497 110 28 439 468 83 50 373 156 405 112 479 33 108 401 475 397 299 18 125 251 372 109 185 311 268 92 201 144 433 74 229 44 337 409 113 275 392 440 436 106 378 243 23 404 460 222 306 65 93 351 152 170 96 98 390 247 419 354 188 120 2 379 470 394 482 400 403 210 346 38 238 52 324 478 215 485 187 328 226 484 363 233 153 469 90 82 250 500 430 380 274 492 241 296 143 208 476 171 458 10 51 202 454 138 465 7 174 315 150 158 58 418 166 375 383 224 122 374 308 26 234 102 68 305 303 168 176 441 425 284 121 386 399 489 477 206 100 17 137 212 490 267 277 406 191 34 453 486 391 36 407 370 369 230 130 254 416 95 21 288 258 498 24 231 178 450 426 491 81 455 495 329 471 60 335 300 248 271 445 420 89 27 365 207 412 368 278 128 263 464 173 5 302 362 159 293 462 99 256 330 266 279 428 217 237 385 111 294 262 118 
ZAPISANE ITERACJE: 
Iteracja[5]:
1 459 53 126 282 3 325 11 389 446 228 132 186 94 357 367 447 4 376 211 219 148 87 332 195 45 432 452 322 205 384 291 41 177 162 494 203 344 456 39 310 40 119 25 298 387 129 123 86 261 395 142 200 175 182 157 326 236 57 15 265 179 192 361 22 220 449 127 259 151 402 319 85 338 316 321 286 499 189 356 181 307 242 273 342 75 91 347 145 423 474 488 19 281 352 227 134 350 382 49 149 55 364 133 410 408 183 165 285 415 289 84 169 371 47 333 313 6 167 283 35 301 62 434 493 287 147 340 79 48 77 444 117 264 292 232 103 276 246 105 467 496 239 136 193 413 487 198 304 107 115 104 37 427 180 141 13 269 146 59 78 290 411 16 398 29 345 72 20 358 431 331 295 336 353 43 124 240 461 317 160 197 349 388 443 225 88 312 414 163 114 97 280 320 437 61 334 366 323 355 223 451 438 429 377 481 63 244 466 381 116 199 260 69 214 221 135 457 155 101 190 245 249 213 31 64 131 396 417 359 472 32 421 14 140 448 297 172 67 309 339 139 218 422 327 30 80 194 473 435 9 255 54 270 272 314 204 184 161 343 196 164 76 424 209 235 12 257 56 442 8 73 252 393 216 360 463 70 483 318 154 66 71 341 480 46 348 42 253 497 110 28 439 468 83 50 373 156 405 112 479 33 108 401 475 397 299 18 125 251 372 109 185 311 268 92 201 144 433 74 229 44 337 409 113 275 392 440 436 106 378 243 23 404 460 222 306 65 93 351 152 170 96 98 390 247 419 354 188 120 2 379 470 394 482 400 403 210 346 38 238 52 324 478 215 485 187 328 226 484 363 233 153 469 90 82 250 500 430 380 274 492 241 296 143 208 476 171 458 10 51 202 454 138 465 7 174 315 150 158 58 418 166 375 383 224 122 374 308 26 234 102 68 305 303 168 176 441 425 284 121 386 399 489 477 206 100 17 137 212 490 267 277 406 191 34 453 486 391 36 407 370 369 230 130 254 416 95 21 288 258 498 24 231 178 450 426 491 81 455 495 329 471 60 335 300 248 271 445 420 89 27 365 207 412 368 278 128 263 464 173 5 302 362 159 293 462 99 256 330 266 279 428 217 237 385 111 294 262 118 
ZAPISANE ITERACJE: 
Iteracja[5]:
1 459 53 126 282 3 325 11 389 446 228 132 186 94 357 367 447 4 376 211 219 148 87 332 195 45 432 452 322 205 384 291 41 177 162 494 203 344 456 39 310 40 119 25 298 387 129 123 86 261 395 142 200 175 182 157 326 236 57 15 265 179 192 361 22 220 449 127 259 151 402 319 85 338 316 321 286 499 189 356 181 307 242 273 342 75 91 347 145 423 474 488 19 281 352 227 134 350 382 49 149 55 364 133 410 408 183 165 285 415 289 84 169 371 47 333 313 6 167 283 35 301 62 434 493 287 147 340 79 48 77 444 117 264 292 232 103 276 246 105 467 496 239 136 193 413 487 198 304 107 115 104 37 427 180 141 13 269 146 59 78 290 411 16 398 29 345 72 20 358 431 331 295 336 353 43 124 240 461 317 160 197 349 388 443 225 88 312 414 163 114 97 280 320 437 61 334 366 323 355 223 451 438 429 377 481 63 244 466 381 116 199 260 69 214 221 135 457 155 101 190 245 249 213 31 64 131 396 417 359 472 32 421 14 140 448 297 172 67 309 339 139 218 422 327 30 80 194 473 435 9 255 54 270 272 314 204 184 161 343 196 164 76 424 209 235 12 257 56 442 8 73 252 393 216 360 463 70 483 318 154 66 71 341 480 46 348 42 253 497 110 28 439 468 83 50 373 156 405 112 479 33 108 401 475 397 299 18 125 251 372 109 185 311 268 92 201 144 433 74 229 44 337 409 113 275 392 440 436 106 378 243 23 404 460 222 306 65 93 351 152 170 96 98 390 247 419 354 188 120 2 379 470 394 482 400 403 210 346 38 238 52 324 478 215 485 187 328 226 484 363 233 153 469 90 82 250 500 430 380 274 492 241 296 143 208 476 171 458 10 51 202 454 138 465 7 174 315 150 158 58 418 166 375 383 224 122 374 308 26 234 102 68 305 303 168 176 441 425 284 121 386 399 489 477 206 100 17 137 212 490 267 277 406 191 34 453 486 391 36 407 370 369 230 130 254 416 95 21 288 258 498 24 231 178 450 426 491 81 455 495 329 471 60 335 300 248 271 445 420 89 27 365 207 412 368 278 128 263 464 173 5 302 362 159 293 462 99 256 330 266 279 428 217 237 385 111 294 262 118 
L. iteracji | Czas Tabo | Czas dywersyfikacji | L. zmian w dywersyfikacji | Mno¿nik kary Tabo
1000:40:10:20:1.005
96890.3:96890.3
1 459 53 126 282 3 325 11 389 446 228 132 186 94 357 367 447 4 376 211 219 148 87 332 195 45 432 452 322 205 384 291 41 177 162 494 203 344 456 39 310 40 119 25 298 387 129 123 86 261 395 142 200 175 182 157 326 236 57 15 265 179 192 361 22 220 449 127 259 151 402 319 85 338 316 321 286 499 189 356 181 307 242 273 342 75 91 347 145 423 474 488 19 281 352 227 134 350 382 49 149 55 364 133 410 408 165 285 415 77 289 84 169 371 47 333 313 6 167 283 35 301 62 434 493 287 147 340 79 48 183 444 117 264 292 232 103 276 246 105 467 496 239 136 193 413 487 198 304 107 115 104 37 427 180 141 13 269 146 59 78 290 411 16 398 29 345 72 20 358 431 331 295 336 353 43 124 240 317 461 160 197 349 388 443 225 88 312 414 163 114 97 280 320 437 61 334 355 323 366 223 429 438 451 377 481 63 244 466 381 116 199 260 69 214 221 135 457 155 101 190 245 249 213 31 64 131 396 417 359 472 32 421 14 140 448 297 172 67 309 339 139 218 422 327 30 80 194 473 435 9 255 54 270 272 314 204 184 161 343 196 164 76 424 209 235 12 257 56 442 8 73 252 216 393 360 463 70 483 318 154 66 71 341 28 480 46 42 348 110 497 253 439 468 83 50 373 156 405 33 479 112 397 401 475 108 299 18 125 251 372 109 185 311 268 92 201 144 433 74 229 44 337 409 113 275 392 440 436 106 378 243 23 404 460 222 306 65 93 351 152 170 96 98 390 247 419 354 188 120 2 379 470 394 482 400 210 403 346 38 238 52 324 478 215 485 187 328 226 484 363 233 153 469 90 82 250 500 430 380 274 492 241 296 143 375 476 171 458 10 51 202 454 138 465 7 150 315 174 58 158 418 166 208 224 383 122 374 308 26 234 102 303 305 68 168 176 441 425 284 386 121 399 489 477 206 100 17 137 212 490 267 277 406 495 191 34 453 486 391 370 407 369 230 130 254 416 95 21 288 258 498 24 178 231 450 426 491 81 455 36 329 471 60 335 300 248 271 445 89 420 27 365 207 412 368 128 278 464 263 173 5 362 302 159 293 462 99 256 266 330 279 217 428 237 385 111 294 262 118 
=======
1 459 53 126 282 3 325 11 389 446 228 132 186 94 357 367 447 4 376 211 219 148 87 332 195 45 432 452 322 205 384 291 41 177 162 494 203 344 456 39 310 40 119 25 298 387 129 123 86 261 395 142 200 175 182 157 326 236 57 15 265 179 192 361 22 220 449 127 259 151 402 319 85 338 316 321 286 499 189 356 181 307 242 273 342 75 91 347 145 423 474 488 19 281 352 227 134 350 382 49 149 55 364 133 410 408 183 165 285 415 289 84 169 371 47 333 313 6 167 283 35 301 62 434 493 287 147 340 79 48 77 444 117 264 292 232 103 276 246 105 467 496 239 136 193 413 487 198 304 107 115 104 37 427 180 141 13 269 146 59 78 290 411 16 398 29 345 72 20 358 431 331 295 336 353 43 124 240 461 317 160 197 349 388 443 225 88 312 414 163 114 97 280 320 437 61 334 366 323 355 223 451 438 429 377 481 63 244 466 381 116 199 260 69 214 221 135 457 155 101 190 245 249 213 31 64 131 396 417 359 472 32 421 14 140 448 297 172 309 67 339 139 218 422 327 30 80 194 473 435 9 255 54 270 272 314 204 184 161 343 196 164 76 424 209 235 12 257 56 442 8 73 252 393 216 360 463 70 483 318 154 66 71 341 480 46 348 42 253 497 110 28 439 468 83 50 373 156 405 112 479 33 108 401 475 397 299 18 125 251 372 109 185 311 268 92 201 144 433 74 229 44 337 409 113 275 392 440 436 106 378 243 23 404 460 222 306 65 93 351 152 170 96 98 390 247 419 354 188 120 2 379 470 394 482 400 403 210 346 38 238 52 324 478 215 485 187 328 226 484 363 233 153 469 90 82 250 500 430 380 274 492 241 296 143 208 476 171 458 10 51 202 454 138 465 7 174 315 150 158 58 418 166 375 383 224 122 374 308 26 234 102 68 305 303 168 176 441 425 284 121 386 399 489 477 206 100 17 137 212 490 267 277 406 191 34 453 486 391 36 407 370 369 230 130 254 416 95 21 288 258 498 24 231 178 450 426 491 81 455 495 329 471 60 335 300 248 271 445 420 89 27 365 207 412 368 278 128 263 464 173 5 302 362 159 293 462 99 256 330 266 279 217 428 237 385 111 294 262 118 Odleglosc: 97708.3

ZAPISANE ITERACJE: 
Iteracja[10]:
1 459 53 126 282 3 325 11 389 446 228 132 186 94 357 367 447 4 376 211 219 148 87 332 195 45 432 452 322 205 384 291 41 177 162 494 203 344 456 39 310 40 119 25 298 387 129 123 86 261 395 142 200 175 182 157 326 236 57 15 265 179 192 361 22 220 449 127 259 151 402 319 85 338 316 321 286 499 189 356 181 307 242 273 342 75 91 347 145 423 474 488 19 281 352 227 134 350 382 49 149 55 364 133 410 408 183 165 285 415 289 84 169 371 47 333 313 6 167 283 35 301 62 434 493 287 147 340 79 48 77 444 117 264 292 232 103 276 246 105 467 496 239 136 193 413 487 198 304 107 115 104 37 427 180 141 13 269 146 59 78 290 411 16 398 29 345 72 20 358 431 331 295 336 353 43 124 240 461 317 160 197 349 388 443 225 88 312 414 163 114 97 280 320 437 61 334 366 323 355 223 451 438 429 377 481 63 244 466 381 116 199 260 69 214 221 135 457 155 101 190 245 249 213 31 64 131 396 417 359 472 32 421 14 140 448 297 172 309 67 339 139 218 422 327 30 80 194 473 435 9 255 54 270 272 314 204 184 161 343 196 164 76 424 209 235 12 257 56 442 8 73 252 393 216 360 463 70 483 318 154 66 71 341 480 46 348 42 253 497 110 28 439 468 83 50 373 156 405 112 479 33 108 401 475 397 299 18 125 251 372 109 185 311 268 92 201 144 433 74 229 44 337 409 113 275 392 440 436 106 378 243 23 404 460 222 306 65 93 351 152 170 96 98 390 247 419 354 188 120 2 379 470 394 482 400 403 210 346 38 238 52 324 478 215 485 187 328 226 484 363 233 153 469 90 82 250 500 430 380 274 492 241 296 143 208 476 171 458 10 51 202 454 138 465 7 174 315 150 158 58 418 166 375 383 224 122 374 308 26 234 102 68 305 303 168 176 441 425 284 121 386 399 489 477 206 100 17 137 212 490 267 277 406 191 34 453 486 391 36 407 370 369 230 130 254 416 95 21 288 258 498 24 231 178 450 426 491 81 455 495 329 471 60 335 300 248 271 445 420 89 27 365 207 412 368 278 128 464 263 173 5 302 362 159 293 462 99 256 330 266 279 217 428 237 385 111 294 262 118 Odleglosc: 97580.2

ZAPISANE ITERACJE: 
Iteracja[20]:
1 459 53 126 282 3 325 11 389 446 228 132 186 94 357 367 447 4 376 211 219 148 87 332 195 45 432 452 322 205 384 291 41 177 162 494 203 344 456 39 310 40 119 25 298 387 129 123 86 261 395 142 200 175 182 157 326 236 57 15 265 179 192 361 22 220 449 127 259 151 402 319 85 338 316 321 286 499 189 356 181 307 242 273 342 75 91 347 145 423 474 488 19 281 352 227 134 350 382 49 149 55 364 133 410 408 183 165 285 415 289 84 169 371 47 333 313 6 167 283 35 301 62 434 493 287 147 340 79 48 77 444 117 264 292 232 103 276 246 105 467 496 239 136 193 413 487 198 304 107 115 104 37 427 180 141 13 269 146 59 78 290 411 16 398 29 345 72 20 358 431 331 295 336 353 43 124 240 461 317 160 197 349 388 443 225 88 312 414 163 114 97 280 320 437 61 334 366 323 355 223 451 438 429 377 481 63 244 466 381 116 199 260 69 214 221 135 457 155 101 190 245 249 213 31 64 131 396 417 359 472 32 421 14 140 448 297 172 309 67 339 139 218 422 327 30 80 194 473 435 9 255 54 270 272 314 204 184 161 343 196 164 76 424 209 235 12 257 56 442 8 73 252 393 216 360 463 70 483 318 154 66 71 341 480 46 348 42 253 497 110 28 439 468 83 50 373 156 405 112 479 33 108 401 475 397 299 18 125 251 372 109 185 311 268 92 201 144 433 74 229 44 337 409 113 275 392 440 436 106 378 243 23 404 460 222 306 65 93 351 152 170 96 98 390 247 419 354 188 120 2 379 470 394 482 400 403 210 38 346 238 52 324 478 215 485 187 328 226 484 363 233 153 469 90 82 250 500 430 380 274 492 241 296 143 208 476 171 458 10 51 202 454 138 465 7 174 315 150 158 58 418 166 375 383 224 122 374 308 26 234 102 68 305 303 168 176 441 425 284 121 386 399 489 477 206 100 17 137 212 490 267 277 406 191 34 453 486 391 36 407 370 369 230 130 254 416 95 21 288 258 498 24 231 178 450 426 491 81 455 495 329 471 60 335 300 248 271 445 420 89 27 365 207 412 368 278 128 464 263 173 5 302 362 159 293 462 99 256 330 266 279 217 428 237 385 111 294 262 118 Odleglosc: 97571.1

ZAPISANE ITERACJE: 
Iteracja[50]:
1 459 53 126 282 3 325 11 389 446 228 132 186 94 357 367 447 4 376 211 219 148 87 332 195 45 432 452 322 205 384 291 41 177 162 494 203 344 456 39 310 40 119 25 298 387 129 123 86 261 395 142 200 175 182 157 326 236 57 15 265 179 192 361 22 220 449 127 259 151 402 319 85 338 316 321 286 499 189 356 181 307 242 273 342 75 91 347 145 423 474 488 19 281 352 227 134 350 382 49 149 55 364 133 410 408 183 165 285 415 289 84 169 371 47 333 313 6 167 283 35 301 62 434 493 287 147 340 79 48 77 444 117 264 292 232 103 276 246 105 467 496 239 136 193 413 487 198 304 107 115 104 37 427 180 141 13 269 146 59 78 290 411 16 398 29 345 72 20 358 431 331 295 336 353 43 124 240 461 317 160 197 349 388 443 225 88 312 414 163 114 97 280 320 437 61 334 366 323 355 223 451 438 429 377 481 63 244 466 381 116 199 260 69 214 221 135 457 155 101 190 245 249 213 31 64 131 396 417 359 472 32 421 14 140 448 297 172 309 67 339 139 218 422 327 30 80 194 473 435 9 54 255 270 272 314 204 184 161 343 196 164 76 424 209 235 12 257 56 442 8 73 252 393 216 360 463 70 483 318 154 66 71 341 480 46 348 42 253 497 110 28 439 468 83 50 373 156 405 112 479 33 108 401 475 397 299 18 125 251 372 109 185 311 268 92 201 144 433 74 229 44 337 409 113 275 392 440 436 106 378 243 23 404 460 222 306 65 93 351 152 170 96 98 390 247 419 354 188 120 2 379 470 394 482 400 403 210 38 346 238 52 324 478 215 485 187 328 226 484 363 233 153 469 90 82 250 500 430 380 274 492 241 296 143 208 476 171 458 10 51 202 454 138 465 7 174 315 150 158 58 418 166 375 383 224 122 374 308 26 234 102 68 305 303 168 176 441 425 284 121 386 399 489 477 206 100 17 137 212 490 267 277 406 191 34 453 486 391 36 407 370 369 230 130 254 416 95 21 288 258 498 24 231 178 450 426 491 81 455 495 329 471 60 335 300 248 271 445 420 89 27 365 207 412 368 278 128 464 263 173 5 302 362 159 293 462 99 256 330 266 279 217 428 237 385 111 294 262 118 Odleglosc: 97592.1

ZAPISANE ITERACJE: 
Iteracja[100]:
1 459 53 126 282 3 325 11 389 446 228 132 186 94 357 367 447 4 376 211 219 148 87 332 195 45 432 452 322 205 384 291 41 177 162 494 203 344 456 39 310 40 119 25 298 387 129 123 86 261 395 142 200 175 182 157 326 236 57 15 265 179 192 361 22 220 449 127 259 151 402 319 85 338 316 321 286 499 189 356 181 307 242 273 342 75 91 347 145 423 474 488 19 281 352 227 134 350 382 49 149 55 364 133 410 408 183 165 285 415 289 84 169 371 47 333 313 6 167 283 35 301 62 434 493 287 147 340 79 48 77 444 117 264 292 232 103 276 246 105 467 496 239 136 193 413 487 198 304 107 115 104 37 427 180 141 13 269 146 59 78 290 411 16 398 29 345 72 20 358 431 331 295 336 353 43 124 240 461 317 160 197 349 388 443 225 88 312 414 163 114 97 280 320 437 61 334 366 323 355 223 451 438 429 377 481 63 244 466 381 116 199 260 69 214 221 135 457 155 101 190 245 249 213 31 64 131 396 417 359 472 32 421 14 140 448 297 172 67 309 339 139 218 422 327 30 80 194 473 435 9 54 255 270 272 314 204 184 161 343 196 164 76 424 209 235 12 257 56 442 8 73 252 393 216 360 463 70 483 318 154 66 71 341 480 46 348 42 253 497 110 28 439 468 83 50 373 156 405 112 479 33 108 401 475 397 299 18 125 251 372 109 185 311 268 92 201 144 433 74 229 44 337 409 113 275 392 440 436 106 378 243 23 404 460 222 306 65 93 351 152 170 96 98 390 247 419 354 188 120 2 379 470 394 482 400 403 210 38 346 238 52 324 478 215 485 187 328 226 484 363 233 153 469 90 82 250 500 430 380 274 492 241 296 143 208 476 171 458 10 51 202 454 138 465 7 174 315 150 158 58 418 166 375 383 224 122 374 308 26 234 102 68 305 303 168 176 441 425 284 121 386 399 489 477 206 100 17 137 212 490 267 277 406 191 34 453 486 391 36 407 370 369 230 130 254 416 95 21 288 258 498 24 231 178 450 426 491 81 455 495 329 471 60 335 300 248 271 445 420 89 27 365 207 412 368 278 128 464 263 173 5 302 362 159 293 462 99 256 330 266 279 217 428 237 385 111 294 262 118 Odleglosc: 97589.4

ZAPISANE ITERACJE: 
Iteracja[500]:
1 459 53 126 282 3 325 11 389 446 228 132 186 94 357 367 447 4 376 211 219 148 87 332 195 45 432 452 322 205 384 291 41 177 162 494 203 344 456 39 310 40 119 25 298 387 129 123 86 261 395 142 200 175 182 157 326 236 57 15 265 179 192 361 22 220 449 127 259 151 402 319 85 338 316 321 286 499 189 356 181 307 242 273 342 75 91 347 145 423 474 488 19 281 352 227 134 350 382 49 149 55 364 133 410 408 183 165 285 415 289 84 169 371 47 333 313 6 167 283 35 301 62 434 493 287 147 340 79 48 77 444 117 264 292 232 103 276 246 105 467 496 239 136 193 413 487 198 304 107 115 104 37 427 180 141 13 269 146 59 78 290 411 16 398 29 345 72 20 358 431 331 295 336 353 43 124 240 461 317 160 197 349 388 443 225 88 312 414 163 114 97 280 320 437 61 334 366 323 355 223 451 438 429 377 481 63 244 466 381 116 199 260 69 214 221 135 457 155 101 190 245 249 213 31 64 131 396 417 359 472 32 421 14 140 448 297 172 67 309 339 139 218 422 327 30 80 194 473 435 9 54 255 270 272 314 204 184 161 343 196 164 76 424 209 235 12 257 56 442 8 73 252 216 393 360 463 70 483 318 154 66 71 341 480 46 348 42 253 497 110 28 439 468 83 50 373 156 405 112 479 33 108 401 475 397 299 18 125 251 372 109 185 311 268 92 201 144 433 74 229 44 337 409 113 275 392 440 436 106 378 243 23 404 460 222 306 65 93 351 152 170 96 98 390 247 419 354 188 120 2 379 470 394 482 400 403 210 38 346 238 52 324 478 215 485 187 328 226 484 363 233 153 469 90 82 250 500 430 380 274 492 241 296 143 208 476 171 458 10 51 202 454 138 465 7 174 315 150 158 58 418 166 375 383 224 122 374 308 26 234 102 68 305 303 168 176 441 425 284 121 386 399 489 477 206 100 17 137 212 490 267 277 406 191 34 453 486 391 36 407 370 369 230 130 254 416 95 21 288 258 498 24 231 178 450 426 491 81 455 495 329 471 60 335 300 248 271 445 420 89 27 365 207 412 368 278 128 464 263 173 5 302 362 159 293 462 99 256 330 266 279 217 428 237 385 111 294 262 118 Odleglosc: 97477.9

L. iteracji | Czas Tabo | Czas dywersyfikacji | L. zmian w dywersyfikacji | Mno¿nik kary Tabo
1000:20:10:300:1.001
96606.2:96606.2
0 458 52 125 281 2 324 10 388 445 227 131 185 93 356 366 446 3 375 210 218 147 86 331 194 44 431 451 321 204 383 290 40 176 161 493 202 343 455 38 309 39 118 24 297 386 128 122 85 260 394 141 199 174 181 156 325 235 56 14 264 178 191 360 21 219 448 126 258 150 401 318 84 337 315 320 285 498 188 355 180 306 241 272 341 74 90 346 144 422 473 487 18 280 351 226 133 349 381 48 148 54 363 132 409 407 182 284 414 76 288 83 168 370 46 332 312 5 166 282 34 300 61 433 492 286 146 339 78 47 164 443 116 263 291 231 102 275 245 104 466 495 238 135 192 412 486 197 303 106 114 103 36 426 179 140 12 268 145 58 77 289 410 15 397 28 344 71 19 357 430 330 294 335 352 42 123 239 460 316 159 196 348 387 442 224 87 311 413 162 113 96 279 319 436 60 333 354 322 365 222 428 437 450 376 480 62 243 465 380 115 198 259 68 213 220 134 456 154 100 189 244 248 212 30 63 130 395 416 358 471 31 420 13 139 447 296 171 66 308 338 138 217 421 326 29 79 193 472 434 8 254 53 269 271 313 203 183 160 342 195 163 75 423 208 234 11 256 55 441 7 72 251 215 392 359 462 69 482 317 153 65 70 340 27 479 45 41 347 109 496 252 438 467 82 49 372 155 404 111 478 32 107 400 474 396 298 17 124 250 371 108 184 310 267 91 143 432 444 73 228 43 336 408 112 274 391 439 435 105 377 242 22 403 459 221 305 64 92 350 151 169 95 97 389 246 418 353 187 119 1 378 469 393 481 399 402 209 37 345 237 51 323 477 214 484 186 327 225 483 362 232 152 468 89 81 249 499 429 379 273 491 240 295 142 207 475 170 457 165 201 50 453 137 464 6 149 314 173 157 57 417 9 374 223 382 121 373 307 25 233 101 67 302 304 167 175 440 283 424 120 385 398 488 476 205 99 16 136 211 489 266 276 405 494 190 33 452 485 35 406 369 368 229 129 253 415 94 20 287 257 497 23 177 230 449 425 490 80 454 390 328 470 59 334 299 247 200 270 419 88 26 364 206 411 367 277 127 463 262 172 4 361 301 158 292 461 98 255 265 329 278 216 427 236 384 110 293 261 117 



>>>>>>> fd6f5a0044bf2fc5c778a43c63b8ef7dc87acf1d
