40:2000:10
125059:125159
50:10000:10:1000:1000
124820:124820
254:20000:10:2000:2000
128657:128657
127:5000:20:1000:1000
124497:124497
127:1000:30:1000:1000
124702:124702
127:1000:20:1000:1000
124702:124702
127:1000:20:1000:1000
124702:124702
127:1000:10:1000:1000
124702:124702
ZAPISANE ITERACJE: 
Iteracja[5]:
<<<<<<< HEAD
=======
0 15 1 50 56 53 44 102 43 34 35 36 40 13 11 30 26 29 42 33 38 37 25 24 32 121 27 28 31 79 78 76 17 20 16 21 3 22 23 5 105 14 107 19 18 71 7 8 10 113 104 6 119 9 114 12 49 4 55 120 51 123 54 65 112 63 57 99 2 89 115 59 61 60 90 58 66 72 73 67 70 69 68 74 75 77 116 83 80 125 81 82 101 100 62 118 95 108 86 85 84 87 109 103 124 88 91 98 64 46 48 52 117 47 45 93 111 110 106 126 92 94 122 96 97 39 41 
ZAPISANE ITERACJE: 
Iteracja[10]:
0 15 1 50 56 53 44 102 43 34 35 36 40 13 11 30 26 29 42 33 38 37 25 24 32 121 27 28 31 79 78 76 17 20 16 21 3 22 23 5 105 14 107 19 18 71 7 8 10 113 104 6 119 9 114 12 49 4 55 120 51 123 54 65 112 63 57 99 2 89 115 59 61 60 90 58 66 72 73 67 70 69 68 74 75 77 116 83 80 125 81 82 101 100 62 118 95 108 86 85 84 87 109 103 124 88 91 98 64 46 48 52 117 47 45 93 111 110 106 126 92 94 122 96 97 41 39 
ZAPISANE ITERACJE: 
Iteracja[20]:
0 15 1 50 56 53 44 102 43 34 35 36 40 13 11 30 26 29 42 33 38 37 25 24 32 121 27 28 31 79 78 76 17 20 16 21 3 22 23 5 105 14 107 19 18 71 7 8 10 113 104 6 119 9 114 12 49 4 55 120 51 123 54 65 112 63 57 99 2 89 115 59 61 60 90 58 66 72 73 67 70 69 68 74 75 77 116 83 80 125 81 82 100 101 62 118 95 108 86 85 84 87 109 103 124 88 91 98 64 46 48 52 117 47 45 93 111 110 106 126 92 94 122 96 97 41 39 
L. iteracji | Czas Tabo | Czas dywersyfikacji | L. zmian w dywersyfikacji | Mno¿nik kary Tabo
1000:20:10:300:1.001
124702:124702
15 0 1 50 56 53 44 102 43 34 36 35 40 13 11 30 26 29 42 33 38 37 25 24 32 121 27 28 31 79 78 76 17 20 16 21 3 19 107 14 105 5 23 22 18 71 7 8 10 113 104 6 119 9 114 12 49 120 55 4 51 123 54 65 112 63 57 99 2 89 115 59 60 90 61 58 66 72 73 67 70 69 68 74 75 77 116 83 80 125 81 82 100 101 62 118 95 108 87 86 85 84 109 103 124 88 91 98 64 46 48 52 47 117 45 93 111 110 106 126 92 94 122 97 96 41 39 
ZAPISANE ITERACJE: 
Iteracja[5]:
0 15 1 50 56 53 44 102 43 34 35 36 40 13 11 30 26 29 42 33 38 37 25 24 32 121 27 28 31 79 78 76 17 20 16 21 3 22 23 5 105 14 107 19 18 71 7 8 10 113 104 6 119 9 114 12 49 4 55 120 51 123 54 65 112 63 57 99 2 89 115 59 61 60 90 58 66 72 73 67 70 69 68 74 75 77 116 83 80 125 81 82 101 100 62 118 95 108 86 85 84 87 109 103 124 88 91 98 64 46 48 52 117 47 45 93 111 110 106 126 92 94 122 96 97 39 41 
ZAPISANE ITERACJE: 
Iteracja[10]:
0 15 1 50 56 53 44 102 43 34 35 36 40 13 11 30 26 29 42 33 38 37 25 24 32 121 27 28 31 79 78 76 17 20 16 21 3 22 23 5 105 14 107 19 18 71 7 8 10 113 104 6 119 9 114 12 49 4 55 120 51 123 54 65 112 63 57 99 2 89 115 59 61 60 90 58 66 72 73 67 70 69 68 74 75 77 116 83 80 125 81 82 101 100 62 118 95 108 86 85 84 87 109 103 124 88 91 98 64 46 48 52 117 47 45 93 111 110 106 126 92 94 122 96 97 41 39 
ZAPISANE ITERACJE: 
Iteracja[20]:
0 15 1 50 56 53 44 102 43 34 35 36 40 13 11 30 26 29 42 33 38 37 25 24 32 121 27 28 31 79 78 76 17 20 16 21 3 22 23 5 105 14 107 19 18 71 7 8 10 113 104 6 119 9 114 12 49 4 55 120 51 123 54 65 112 63 57 99 2 89 115 59 61 60 90 58 66 72 73 67 70 69 68 74 75 77 116 83 80 125 81 82 100 101 62 118 95 108 86 85 84 87 109 103 124 88 91 98 64 46 48 52 117 47 45 93 111 110 106 126 92 94 122 96 97 41 39 
ZAPISANE ITERACJE: 
Iteracja[5]:
1 16 2 51 57 54 45 103 44 35 36 37 41 14 12 31 27 30 43 34 39 38 26 25 33 122 28 29 32 80 79 77 18 21 17 22 4 23 24 6 106 15 108 20 19 72 8 9 11 114 105 7 120 10 115 13 50 5 56 121 52 124 55 66 113 64 58 100 3 90 116 60 62 61 91 59 67 73 74 68 71 70 69 75 76 78 117 84 81 126 82 83 102 101 63 119 96 109 87 86 85 88 110 104 125 89 92 99 65 47 49 53 118 48 46 94 112 111 107 127 93 95 123 97 98 40 42 
ZAPISANE ITERACJE: 
Iteracja[10]:
1 16 2 51 57 54 45 103 44 35 36 37 41 14 12 31 27 30 43 34 39 38 26 25 33 122 28 29 32 80 79 77 18 21 17 22 4 23 24 6 106 15 108 20 19 72 8 9 11 114 105 7 120 10 115 13 50 5 56 121 52 124 55 66 113 64 58 100 3 90 116 60 62 61 91 59 67 73 74 68 71 70 69 75 76 78 117 84 81 126 82 83 102 101 63 119 96 109 87 86 85 88 110 104 125 89 92 99 65 47 49 53 118 48 46 94 112 111 107 127 93 95 123 97 98 42 40 
ZAPISANE ITERACJE: 
Iteracja[20]:
1 16 2 51 57 54 45 103 44 35 36 37 41 14 12 31 27 30 43 34 39 38 26 25 33 122 28 29 32 80 79 77 18 21 17 22 4 23 24 6 106 15 108 20 19 72 8 9 11 114 105 7 120 10 115 13 50 5 56 121 52 124 55 66 113 64 58 100 3 90 116 60 62 61 91 59 67 73 74 68 71 70 69 75 76 78 117 84 81 126 82 83 101 102 63 119 96 109 87 86 85 88 110 104 125 89 92 99 65 47 49 53 118 48 46 94 112 111 107 127 93 95 123 97 98 42 40 
L. iteracji | Czas Tabo | Czas dywersyfikacji | L. zmian w dywersyfikacji | Mno¿nik kary Tabo
1000:20:10:300:1.001
124702:124702
15 0 1 50 56 53 44 102 43 34 36 35 40 13 11 30 26 29 42 33 38 37 25 24 32 121 27 28 31 79 78 76 17 20 16 21 3 19 107 14 105 5 23 22 18 71 7 8 10 113 104 6 119 9 114 12 49 120 55 4 51 123 54 65 112 63 57 99 2 89 115 59 60 90 61 58 66 72 73 67 70 69 68 74 75 77 116 83 80 125 81 82 100 101 62 118 95 108 87 86 85 84 109 103 124 88 91 98 64 46 48 52 47 117 45 93 111 110 106 126 92 94 122 97 96 41 39 
ZAPISANE ITERACJE: 
Iteracja[5]:
>>>>>>> fd6f5a0044bf2fc5c778a43c63b8ef7dc87acf1d
1 16 2 51 57 54 45 103 44 35 36 37 41 14 12 31 27 30 43 34 39 38 26 25 33 122 28 29 32 80 79 77 18 21 17 22 4 23 24 6 106 15 108 20 19 72 8 9 11 114 105 7 120 10 115 13 50 5 56 121 52 124 55 66 113 64 58 100 3 90 116 60 62 61 91 59 67 73 74 68 71 70 69 75 76 78 117 84 81 126 82 83 102 101 63 119 96 109 87 86 85 88 110 104 125 89 92 99 65 47 49 53 118 48 46 94 112 111 107 127 93 95 123 97 98 40 42 
ZAPISANE ITERACJE: 
Iteracja[10]:
1 16 2 51 57 54 45 103 44 35 36 37 41 14 12 31 27 30 43 34 39 38 26 25 33 122 28 29 32 80 79 77 18 21 17 22 4 23 24 6 106 15 108 20 19 72 8 9 11 114 105 7 120 10 115 13 50 5 56 121 52 124 55 66 113 64 58 100 3 90 116 60 62 61 91 59 67 73 74 68 71 70 69 75 76 78 117 84 81 126 82 83 102 101 63 119 96 109 87 86 85 88 110 104 125 89 92 99 65 47 49 53 118 48 46 94 112 111 107 127 93 95 123 97 98 42 40 
ZAPISANE ITERACJE: 
Iteracja[20]:
1 16 2 51 57 54 45 103 44 35 36 37 41 14 12 31 27 30 43 34 39 38 26 25 33 122 28 29 32 80 79 77 18 21 17 22 4 23 24 6 106 15 108 20 19 72 8 9 11 114 105 7 120 10 115 13 50 5 56 121 52 124 55 66 113 64 58 100 3 90 116 60 62 61 91 59 67 73 74 68 71 70 69 75 76 78 117 84 81 126 82 83 101 102 63 119 96 109 87 86 85 88 110 104 125 89 92 99 65 47 49 53 118 48 46 94 112 111 107 127 93 95 123 97 98 42 40 
ZAPISANE ITERACJE: 
Iteracja[5]:
1 16 2 51 57 54 45 103 44 35 36 37 41 14 12 31 27 30 43 34 39 38 26 25 33 122 28 29 32 80 79 77 18 21 17 22 4 23 24 6 106 15 108 20 19 72 8 9 11 114 105 7 120 10 115 13 50 5 56 121 52 124 55 66 113 64 58 100 3 90 116 60 62 61 91 59 67 73 74 68 71 70 69 75 76 78 117 84 81 126 82 83 102 101 63 119 96 109 87 86 85 88 110 104 125 89 92 99 65 47 49 53 118 48 46 94 112 111 107 127 93 95 123 97 98 40 42 
ZAPISANE ITERACJE: 
Iteracja[10]:
1 16 2 51 57 54 45 103 44 35 36 37 41 14 12 31 27 30 43 34 39 38 26 25 33 122 28 29 32 80 79 77 18 21 17 22 4 23 24 6 106 15 108 20 19 72 8 9 11 114 105 7 120 10 115 13 50 5 56 121 52 124 55 66 113 64 58 100 3 90 116 60 62 61 91 59 67 73 74 68 71 70 69 75 76 78 117 84 81 126 82 83 102 101 63 119 96 109 87 86 85 88 110 104 125 89 92 99 65 47 49 53 118 48 46 94 112 111 107 127 93 95 123 97 98 42 40 
ZAPISANE ITERACJE: 
Iteracja[20]:
1 16 2 51 57 54 45 103 44 35 36 37 41 14 12 31 27 30 43 34 39 38 26 25 33 122 28 29 32 80 79 77 18 21 17 22 4 23 24 6 106 15 108 20 19 72 8 9 11 114 105 7 120 10 115 13 50 5 56 121 52 124 55 66 113 64 58 100 3 90 116 60 62 61 91 59 67 73 74 68 71 70 69 75 76 78 117 84 81 126 82 83 101 102 63 119 96 109 87 86 85 88 110 104 125 89 92 99 65 47 49 53 118 48 46 94 112 111 107 127 93 95 123 97 98 42 40 
<<<<<<< HEAD
L. iteracji | Czas Tabo | Czas dywersyfikacji | L. zmian w dywersyfikacji | Mno¿nik kary Tabo
1000:20:5:300:1.001
124702:124702
16 1 2 51 57 54 45 103 44 35 37 36 41 14 12 31 27 30 43 34 39 38 26 25 33 122 28 29 32 80 79 77 18 21 17 22 4 20 108 15 106 6 24 23 19 72 8 9 11 114 105 7 120 10 115 13 50 121 56 5 52 124 55 66 113 64 58 100 3 90 116 60 61 91 62 59 67 73 74 68 71 70 69 75 76 78 117 84 81 126 82 83 101 102 63 119 96 109 88 87 86 85 110 104 125 89 92 99 65 47 49 53 48 118 46 94 112 111 107 127 93 95 123 98 97 42 40 
=======
ZAPISANE ITERACJE: 
Iteracja[50]:
1 16 2 51 57 54 45 103 44 35 36 37 41 14 12 31 27 30 43 34 39 38 26 25 33 122 28 29 32 80 79 77 18 21 17 22 4 23 24 6 106 15 108 20 19 72 8 9 11 114 105 7 120 10 115 13 50 121 56 5 52 124 55 66 113 64 58 100 3 90 116 60 62 61 91 59 67 73 74 68 71 70 69 75 76 78 117 84 81 126 82 83 101 102 63 119 96 109 87 86 85 88 110 104 125 89 92 99 65 47 49 53 118 48 46 94 112 111 107 127 93 95 123 97 98 42 40 
ZAPISANE ITERACJE: 
Iteracja[100]:
1 16 2 51 57 54 45 103 44 35 36 37 41 14 12 31 27 30 43 34 39 38 26 25 33 122 28 29 32 80 79 77 18 21 17 22 4 23 24 6 106 15 108 20 19 72 8 9 11 114 105 7 120 10 115 13 50 121 56 5 52 124 55 66 113 64 58 100 3 90 116 60 62 61 91 59 67 73 74 68 71 70 69 75 76 78 117 84 81 126 82 83 101 102 63 119 96 109 87 86 85 88 110 104 125 89 92 99 65 47 49 53 118 48 46 94 112 111 107 127 93 95 123 98 97 42 40 
ZAPISANE ITERACJE: 
Iteracja[500]:
1 16 2 51 57 54 45 103 44 35 36 37 41 14 12 31 27 30 43 34 39 38 26 25 33 122 28 29 32 80 79 77 18 21 17 22 4 23 24 6 106 15 108 20 19 72 8 9 11 114 105 7 120 10 115 13 50 121 56 5 52 124 55 66 113 64 58 100 3 90 116 60 62 61 91 59 67 73 74 68 71 70 69 75 76 78 117 84 81 126 82 83 101 102 63 119 96 109 87 88 85 86 110 104 125 89 92 99 65 47 49 53 118 48 46 94 112 111 107 127 93 95 123 98 97 42 40 
ZAPISANE ITERACJE: 
Iteracja[5]:
1 16 2 51 57 54 45 103 44 35 36 37 41 14 12 31 27 30 43 34 39 38 26 25 33 122 28 29 32 80 79 77 18 21 17 22 4 23 24 6 106 15 108 20 19 72 8 9 11 114 105 7 120 10 115 13 50 5 56 121 52 124 55 66 113 64 58 100 3 90 116 60 62 61 91 59 67 73 74 68 71 70 69 75 76 78 117 84 81 126 82 83 102 101 63 119 96 109 87 86 85 88 110 104 125 89 92 99 65 47 49 53 118 48 46 94 112 111 107 127 93 95 123 97 98 40 42 Odleglosc: 128534

ZAPISANE ITERACJE: 
Iteracja[10]:
1 16 2 51 57 54 45 103 44 35 36 37 41 14 12 31 27 30 43 34 39 38 26 25 33 122 28 29 32 80 79 77 18 21 17 22 4 23 24 6 106 15 108 20 19 72 8 9 11 114 105 7 120 10 115 13 50 5 56 121 52 124 55 66 113 64 58 100 3 90 116 60 62 61 91 59 67 73 74 68 71 70 69 75 76 78 117 84 81 126 82 83 102 101 63 119 96 109 87 86 85 88 110 104 125 89 92 99 65 47 49 53 118 48 46 94 112 111 107 127 93 95 123 97 98 42 40 Odleglosc: 127212

ZAPISANE ITERACJE: 
Iteracja[20]:
1 16 2 51 57 54 45 103 44 35 36 37 41 14 12 31 27 30 43 34 39 38 26 25 33 122 28 29 32 80 79 77 18 21 17 22 4 23 24 6 106 15 108 20 19 72 8 9 11 114 105 7 120 10 115 13 50 5 56 121 52 124 55 66 113 64 58 100 3 90 116 60 62 61 91 59 67 73 74 68 71 70 69 75 76 78 117 84 81 126 82 83 101 102 63 119 96 109 87 86 85 88 110 104 125 89 92 99 65 47 49 53 118 48 46 94 112 111 107 127 93 95 123 97 98 42 40 Odleglosc: 126586

ZAPISANE ITERACJE: 
Iteracja[50]:
1 16 2 51 57 54 45 103 44 35 36 37 41 14 12 31 27 30 43 34 39 38 26 25 33 122 28 29 32 80 79 77 18 21 17 22 4 23 24 6 106 15 108 20 19 72 8 9 11 114 105 7 120 10 115 13 50 121 56 5 52 124 55 66 113 64 58 100 3 90 116 60 62 61 91 59 67 73 74 68 71 70 69 75 76 78 117 84 81 126 82 83 101 102 63 119 96 109 87 86 85 88 110 104 125 89 92 99 65 47 49 53 118 48 46 94 112 111 107 127 93 95 123 97 98 42 40 Odleglosc: 126250

ZAPISANE ITERACJE: 
Iteracja[100]:
1 16 2 51 57 54 45 103 44 35 36 37 41 14 12 31 27 30 43 34 39 38 26 25 33 122 28 29 32 80 79 77 18 21 17 22 4 23 24 6 106 15 108 20 19 72 8 9 11 114 105 7 120 10 115 13 50 121 56 5 52 124 55 66 113 64 58 100 3 90 116 60 62 61 91 59 67 73 74 68 71 70 69 75 76 78 117 84 81 126 82 83 101 102 63 119 96 109 87 86 85 88 110 104 125 89 92 99 65 47 49 53 118 48 46 94 112 111 107 127 93 95 123 98 97 42 40 Odleglosc: 125997

ZAPISANE ITERACJE: 
Iteracja[500]:
1 16 2 51 57 54 45 103 44 35 36 37 41 14 12 31 27 30 43 34 39 38 26 25 33 122 28 29 32 80 79 77 18 21 17 22 4 23 24 6 106 15 108 20 19 72 8 9 11 114 105 7 120 10 115 13 50 121 56 5 52 124 55 66 113 64 58 100 3 90 116 60 62 61 91 59 67 73 74 68 71 70 69 75 76 78 117 84 81 126 82 83 101 102 63 119 96 109 87 88 85 86 110 104 125 89 92 99 65 47 49 53 118 48 46 94 112 111 107 127 93 95 123 98 97 42 40 Odleglosc: 125755

L. iteracji | Czas Tabo | Czas dywersyfikacji | L. zmian w dywersyfikacji | Mno¿nik kary Tabo
1000:20:10:300:1.001
124702:124702
15 0 1 50 56 53 44 102 43 34 36 35 40 13 11 30 26 29 42 33 38 37 25 24 32 121 27 28 31 79 78 76 17 20 16 21 3 19 107 14 105 5 23 22 18 71 7 8 10 113 104 6 119 9 114 12 49 120 55 4 51 123 54 65 112 63 57 99 2 89 115 59 60 90 61 58 66 72 73 67 70 69 68 74 75 77 116 83 80 125 81 82 100 101 62 118 95 108 87 86 85 84 109 103 124 88 91 98 64 46 48 52 47 117 45 93 111 110 106 126 92 94 122 97 96 41 39 



ZAPISANE ITERACJE: 
Iteracja[5]:
1 16 2 51 57 54 45 103 44 35 36 37 41 14 12 31 27 30 43 34 39 38 26 25 33 122 28 29 32 80 79 77 18 21 17 22 4 23 24 6 106 15 108 20 19 72 8 9 11 114 105 7 120 10 115 13 50 5 56 121 52 124 55 66 113 64 58 100 3 90 116 60 62 61 91 59 67 73 74 68 71 70 69 75 76 78 117 84 81 126 82 83 102 101 63 119 96 109 87 86 85 88 110 104 125 89 92 99 65 47 49 53 118 48 46 94 112 111 107 127 93 95 123 97 98 40 42 Odleglosc: 128534

ZAPISANE ITERACJE: 
Iteracja[10]:
1 16 2 51 57 54 45 103 44 35 36 37 41 14 12 31 27 30 43 34 39 38 26 25 33 122 28 29 32 80 79 77 18 21 17 22 4 23 24 6 106 15 108 20 19 72 8 9 11 114 105 7 120 10 115 13 50 5 56 121 52 124 55 66 113 64 58 100 3 90 116 60 62 61 91 59 67 73 74 68 71 70 69 75 76 78 117 84 81 126 82 83 102 101 63 119 96 109 87 86 85 88 110 104 125 89 92 99 65 47 49 53 118 48 46 94 112 111 107 127 93 95 123 97 98 42 40 Odleglosc: 127212

ZAPISANE ITERACJE: 
Iteracja[20]:
1 16 2 51 57 54 45 103 44 35 36 37 41 14 12 31 27 30 43 34 39 38 26 25 33 122 28 29 32 80 79 77 18 21 17 22 4 23 24 6 106 15 108 20 19 72 8 9 11 114 105 7 120 10 115 13 50 5 56 121 52 124 55 66 113 64 58 100 3 90 116 60 62 61 91 59 67 73 74 68 71 70 69 75 76 78 117 84 81 126 82 83 101 102 63 119 96 109 87 86 85 88 110 104 125 89 92 99 65 47 49 53 118 48 46 94 112 111 107 127 93 95 123 97 98 42 40 Odleglosc: 126586

ZAPISANE ITERACJE: 
Iteracja[50]:
1 16 2 51 57 54 45 103 44 35 36 37 41 14 12 31 27 30 43 34 39 38 26 25 33 122 28 29 32 80 79 77 18 21 17 22 4 23 24 6 106 15 108 20 19 72 8 9 11 114 105 7 120 10 115 13 50 121 56 5 52 124 55 66 113 64 58 100 3 90 116 60 62 61 91 59 67 73 74 68 71 70 69 75 76 78 117 84 81 126 82 83 101 102 63 119 96 109 87 86 85 88 110 104 125 89 92 99 65 47 49 53 118 48 46 94 112 111 107 127 93 95 123 97 98 42 40 Odleglosc: 126250

ZAPISANE ITERACJE: 
Iteracja[100]:
1 16 2 51 57 54 45 103 44 35 36 37 41 14 12 31 27 30 43 34 39 38 26 25 33 122 28 29 32 80 79 77 18 21 17 22 4 23 24 6 106 15 108 20 19 72 8 9 11 114 105 7 120 10 115 13 50 121 56 5 52 124 55 66 113 64 58 100 3 90 116 60 62 61 91 59 67 73 74 68 71 70 69 75 76 78 117 84 81 126 82 83 101 102 63 119 96 109 87 86 85 88 110 104 125 89 92 99 65 47 49 53 118 48 46 94 112 111 107 127 93 95 123 98 97 42 40 Odleglosc: 125997

ZAPISANE ITERACJE: 
Iteracja[500]:
1 16 2 51 57 54 45 103 44 35 36 37 41 14 12 31 27 30 43 34 39 38 26 25 33 122 28 29 32 80 79 77 18 21 17 22 4 23 24 6 106 15 108 20 19 72 8 9 11 114 105 7 120 10 115 13 50 121 56 5 52 124 55 66 113 64 58 100 3 90 116 60 62 61 91 59 67 73 74 68 71 70 69 75 76 78 117 84 81 126 82 83 101 102 63 119 96 109 87 88 85 86 110 104 125 89 92 99 65 47 49 53 118 48 46 94 112 111 107 127 93 95 123 98 97 42 40 Odleglosc: 125755

L. iteracji | Czas Tabo | Czas dywersyfikacji | L. zmian w dywersyfikacji | Mno¿nik kary Tabo
1000:20:10:300:1.001
124702:124702
15 0 1 50 56 53 44 102 43 34 36 35 40 13 11 30 26 29 42 33 38 37 25 24 32 121 27 28 31 79 78 76 17 20 16 21 3 19 107 14 105 5 23 22 18 71 7 8 10 113 104 6 119 9 114 12 49 120 55 4 51 123 54 65 112 63 57 99 2 89 115 59 60 90 61 58 66 72 73 67 70 69 68 74 75 77 116 83 80 125 81 82 100 101 62 118 95 108 87 86 85 84 109 103 124 88 91 98 64 46 48 52 47 117 45 93 111 110 106 126 92 94 122 97 96 41 39 



>>>>>>> fd6f5a0044bf2fc5c778a43c63b8ef7dc87acf1d
ZAPISANE ITERACJE: 
Iteracja[5]:
1 16 2 51 57 54 45 103 44 35 36 37 41 14 12 31 27 30 43 34 39 38 26 25 33 122 28 29 32 80 79 77 18 21 17 22 4 23 24 6 106 15 108 20 19 72 8 9 11 114 105 7 120 10 115 13 50 5 56 121 52 124 55 66 113 64 58 100 3 90 116 60 62 61 91 59 67 73 74 68 71 70 69 75 76 78 117 84 81 126 82 83 102 101 63 119 96 109 87 86 85 88 110 104 125 89 92 99 65 47 49 53 118 48 46 94 112 111 107 127 93 95 123 97 98 40 42 Odleglosc: 128534

ZAPISANE ITERACJE: 
Iteracja[10]:
1 16 2 51 57 54 45 103 44 35 36 37 41 14 12 31 27 30 43 34 39 38 26 25 33 122 28 29 32 80 79 77 18 21 17 22 4 23 24 6 106 15 108 20 19 72 8 9 11 114 105 7 120 10 115 13 50 5 56 121 52 124 55 66 113 64 58 100 3 90 116 60 62 61 91 59 67 73 74 68 71 70 69 75 76 78 117 84 81 126 82 83 102 101 63 119 96 109 87 86 85 88 110 104 125 89 92 99 65 47 49 53 118 48 46 94 112 111 107 127 93 95 123 97 98 42 40 Odleglosc: 127212

ZAPISANE ITERACJE: 
Iteracja[20]:
1 16 2 51 57 54 45 103 44 35 36 37 41 14 12 31 27 30 43 34 39 38 26 25 33 122 28 29 32 80 79 77 18 21 17 22 4 23 24 6 106 15 108 20 19 72 8 9 11 114 105 7 120 10 115 13 50 5 56 121 52 124 55 66 113 64 58 100 3 90 116 60 62 61 91 59 67 73 74 68 71 70 69 75 76 78 117 84 81 126 82 83 101 102 63 119 96 109 87 86 85 88 110 104 125 89 92 99 65 47 49 53 118 48 46 94 112 111 107 127 93 95 123 97 98 42 40 Odleglosc: 126586

ZAPISANE ITERACJE: 
Iteracja[50]:
1 16 2 51 57 54 45 103 44 35 36 37 41 14 12 31 27 30 43 34 39 38 26 25 33 122 28 29 32 80 79 77 18 21 17 22 4 23 24 6 106 15 108 20 19 72 8 9 11 114 105 7 120 10 115 13 50 121 56 5 52 124 55 66 113 64 58 100 3 90 116 60 62 61 91 59 67 73 74 68 71 70 69 75 76 78 117 84 81 126 82 83 101 102 63 119 96 109 87 86 85 88 110 104 125 89 92 99 65 47 49 53 118 48 46 94 112 111 107 127 93 95 123 97 98 42 40 Odleglosc: 126250

ZAPISANE ITERACJE: 
Iteracja[100]:
1 16 2 51 57 54 45 103 44 35 36 37 41 14 12 31 27 30 43 34 39 38 26 25 33 122 28 29 32 80 79 77 18 21 17 22 4 23 24 6 106 15 108 20 19 72 8 9 11 114 105 7 120 10 115 13 50 121 56 5 52 124 55 66 113 64 58 100 3 90 116 60 62 61 91 59 67 73 74 68 71 70 69 75 76 78 117 84 81 126 82 83 101 102 63 119 96 109 87 86 85 88 110 104 125 89 92 99 65 47 49 53 118 48 46 94 112 111 107 127 93 95 123 98 97 42 40 Odleglosc: 125997

ZAPISANE ITERACJE: 
Iteracja[500]:
1 16 2 51 57 54 45 103 44 35 36 37 41 14 12 31 27 30 43 34 39 38 26 25 33 122 28 29 32 80 79 77 18 21 17 22 4 23 24 6 106 15 108 20 19 72 8 9 11 114 105 7 120 10 115 13 50 121 56 5 52 124 55 66 113 64 58 100 3 90 116 60 62 61 91 59 67 73 74 68 71 70 69 75 76 78 117 84 81 126 82 83 101 102 63 119 96 109 87 88 85 86 110 104 125 89 92 99 65 47 49 53 118 48 46 94 112 111 107 127 93 95 123 98 97 42 40 Odleglosc: 125755

L. iteracji | Czas Tabo | Czas dywersyfikacji | L. zmian w dywersyfikacji | Mno¿nik kary Tabo
7000:150:150:10:1.01
124702:124702
16 1 2 51 57 54 45 103 44 35 37 36 41 14 12 31 27 30 43 34 39 38 26 25 33 122 28 29 32 80 79 77 18 21 17 22 4 20 108 15 106 6 24 23 19 72 8 9 11 114 105 7 120 10 115 13 50 121 56 5 52 124 55 66 113 64 58 100 3 90 116 60 61 91 62 59 67 73 74 68 71 70 69 75 76 78 117 84 81 126 82 83 101 102 63 119 96 109 88 87 86 85 110 104 125 89 92 99 65 47 49 53 48 118 46 94 112 111 107 127 93 95 123 98 97 42 40 



ZAPISANE ITERACJE: 
Iteracja[5]:
1 16 2 51 57 54 45 103 44 35 36 37 41 14 12 31 27 30 43 34 39 38 26 25 33 122 28 29 32 80 79 77 18 21 17 22 4 23 24 6 106 15 108 20 19 72 8 9 11 114 105 7 120 10 115 13 50 5 56 121 52 124 55 66 113 64 58 100 3 90 116 60 62 61 91 59 67 73 74 68 71 70 69 75 76 78 117 84 81 126 82 83 102 101 63 119 96 109 87 86 85 88 110 104 125 89 92 99 65 47 49 53 118 48 46 94 112 111 107 127 93 95 123 97 98 40 42 Odleglosc: 128534

ZAPISANE ITERACJE: 
Iteracja[10]:
1 16 2 51 57 54 45 103 44 35 36 37 41 14 12 31 27 30 43 34 39 38 26 25 33 122 28 29 32 80 79 77 18 21 17 22 4 23 24 6 106 15 108 20 19 72 8 9 11 114 105 7 120 10 115 13 50 5 56 121 52 124 55 66 113 64 58 100 3 90 116 60 62 61 91 59 67 73 74 68 71 70 69 75 76 78 117 84 81 126 82 83 102 101 63 119 96 109 87 86 85 88 110 104 125 89 92 99 65 47 49 53 118 48 46 94 112 111 107 127 93 95 123 97 98 42 40 Odleglosc: 127212

ZAPISANE ITERACJE: 
Iteracja[20]:
1 16 2 51 57 54 45 103 44 35 36 37 41 14 12 31 27 30 43 34 39 38 26 25 33 122 28 29 32 80 79 77 18 21 17 22 4 23 24 6 106 15 108 20 19 72 8 9 11 114 105 7 120 10 115 13 50 5 56 121 52 124 55 66 113 64 58 100 3 90 116 60 62 61 91 59 67 73 74 68 71 70 69 75 76 78 117 84 81 126 82 83 101 102 63 119 96 109 87 86 85 88 110 104 125 89 92 99 65 47 49 53 118 48 46 94 112 111 107 127 93 95 123 97 98 42 40 Odleglosc: 126586

ZAPISANE ITERACJE: 
Iteracja[50]:
1 16 2 51 57 54 45 103 44 35 36 37 41 14 12 31 27 30 43 34 39 38 26 25 33 122 28 29 32 80 79 77 18 21 17 22 4 23 24 6 106 15 108 20 19 72 8 9 11 114 105 7 120 10 115 13 50 121 56 5 52 124 55 66 113 64 58 100 3 90 116 60 62 61 91 59 67 73 74 68 71 70 69 75 76 78 117 84 81 126 82 83 101 102 63 119 96 109 87 86 85 88 110 104 125 89 92 99 65 47 49 53 118 48 46 94 112 111 107 127 93 95 123 97 98 42 40 Odleglosc: 126250

ZAPISANE ITERACJE: 
Iteracja[100]:
1 16 2 51 57 54 45 103 44 35 36 37 41 14 12 31 27 30 43 34 39 38 26 25 33 122 28 29 32 80 79 77 18 21 17 22 4 23 24 6 106 15 108 20 19 72 8 9 11 114 105 7 120 10 115 13 50 121 56 5 52 124 55 66 113 64 58 100 3 90 116 60 62 61 91 59 67 73 74 68 71 70 69 75 76 78 117 84 81 126 82 83 101 102 63 119 96 109 87 86 85 88 110 104 125 89 92 99 65 47 49 53 118 48 46 94 112 111 107 127 93 95 123 98 97 42 40 Odleglosc: 125997

ZAPISANE ITERACJE: 
Iteracja[500]:
1 16 2 51 57 54 45 103 44 35 36 37 41 14 12 31 27 30 43 34 39 38 26 25 33 122 28 29 32 80 79 77 18 21 17 22 4 23 24 6 106 15 108 20 19 72 8 9 11 114 105 7 120 10 115 13 50 121 56 5 52 124 55 66 113 64 58 100 3 90 116 60 62 61 91 59 67 73 74 68 71 70 69 75 76 78 117 84 81 126 82 83 101 102 63 119 96 109 87 88 85 86 110 104 125 89 92 99 65 47 49 53 118 48 46 94 112 111 107 127 93 95 123 98 97 42 40 Odleglosc: 125755

L. iteracji | Czas Tabo | Czas dywersyfikacji | L. zmian w dywersyfikacji | Mno¿nik kary Tabo
7000:150:150:10:1.001
124702:124702
16 1 2 51 57 54 45 103 44 35 37 36 41 14 12 31 27 30 43 34 39 38 26 25 33 122 28 29 32 80 79 77 18 21 17 22 4 20 108 15 106 6 24 23 19 72 8 9 11 114 105 7 120 10 115 13 50 121 56 5 52 124 55 66 113 64 58 100 3 90 116 60 61 91 62 59 67 73 74 68 71 70 69 75 76 78 117 84 81 126 82 83 101 102 63 119 96 109 88 87 86 85 110 104 125 89 92 99 65 47 49 53 48 118 46 94 112 111 107 127 93 95 123 98 97 42 40 



ZAPISANE ITERACJE: 
Iteracja[5]:
1 16 2 51 57 54 45 103 44 35 36 37 41 14 12 31 27 30 43 34 39 38 26 25 33 122 28 29 32 80 79 77 18 21 17 22 4 23 24 6 106 15 108 20 19 72 8 9 11 114 105 7 120 10 115 13 50 5 56 121 52 124 55 66 113 64 58 100 3 90 116 60 62 61 91 59 67 73 74 68 71 70 69 75 76 78 117 84 81 126 82 83 102 101 63 119 96 109 87 86 85 88 110 104 125 89 92 99 65 47 49 53 118 48 46 94 112 111 107 127 93 95 123 97 98 40 42 Odleglosc: 128534

ZAPISANE ITERACJE: 
Iteracja[10]:
1 16 2 51 57 54 45 103 44 35 36 37 41 14 12 31 27 30 43 34 39 38 26 25 33 122 28 29 32 80 79 77 18 21 17 22 4 23 24 6 106 15 108 20 19 72 8 9 11 114 105 7 120 10 115 13 50 5 56 121 52 124 55 66 113 64 58 100 3 90 116 60 62 61 91 59 67 73 74 68 71 70 69 75 76 78 117 84 81 126 82 83 102 101 63 119 96 109 87 86 85 88 110 104 125 89 92 99 65 47 49 53 118 48 46 94 112 111 107 127 93 95 123 97 98 42 40 Odleglosc: 127212

ZAPISANE ITERACJE: 
Iteracja[20]:
1 16 2 51 57 54 45 103 44 35 36 37 41 14 12 31 27 30 43 34 39 38 26 25 33 122 28 29 32 80 79 77 18 21 17 22 4 23 24 6 106 15 108 20 19 72 8 9 11 114 105 7 120 10 115 13 50 5 56 121 52 124 55 66 113 64 58 100 3 90 116 60 62 61 91 59 67 73 74 68 71 70 69 75 76 78 117 84 81 126 82 83 101 102 63 119 96 109 87 86 85 88 110 104 125 89 92 99 65 47 49 53 118 48 46 94 112 111 107 127 93 95 123 97 98 42 40 Odleglosc: 126586

ZAPISANE ITERACJE: 
Iteracja[50]:
1 16 2 51 57 54 45 103 44 35 36 37 41 14 12 31 27 30 43 34 39 38 26 25 33 122 28 29 32 80 79 77 18 21 17 22 4 23 24 6 106 15 108 20 19 72 8 9 11 114 105 7 120 10 115 13 50 121 56 5 52 124 55 66 113 64 58 100 3 90 116 60 62 61 91 59 67 73 74 68 71 70 69 75 76 78 117 84 81 126 82 83 101 102 63 119 96 109 87 86 85 88 110 104 125 89 92 99 65 47 49 53 118 48 46 94 112 111 107 127 93 95 123 97 98 42 40 Odleglosc: 126250

ZAPISANE ITERACJE: 
Iteracja[100]:
1 16 2 51 57 54 45 103 44 35 36 37 41 14 12 31 27 30 43 34 39 38 26 25 33 122 28 29 32 80 79 77 18 21 17 22 4 23 24 6 106 15 108 20 19 72 8 9 11 114 105 7 120 10 115 13 50 121 56 5 52 124 55 66 113 64 58 100 3 90 116 60 62 61 91 59 67 73 74 68 71 70 69 75 76 78 117 84 81 126 82 83 101 102 63 119 96 109 87 86 85 88 110 104 125 89 92 99 65 47 49 53 118 48 46 94 112 111 107 127 93 95 123 98 97 42 40 Odleglosc: 125997

ZAPISANE ITERACJE: 
Iteracja[500]:
1 16 2 51 57 54 45 103 44 35 36 37 41 14 12 31 27 30 43 34 39 38 26 25 33 122 28 29 32 80 79 77 18 21 17 22 4 23 24 6 106 15 108 20 19 72 8 9 11 114 105 7 120 10 115 13 50 121 56 5 52 124 55 66 113 64 58 100 3 90 116 60 62 61 91 59 67 73 74 68 71 70 69 75 76 78 117 84 81 126 82 83 101 102 63 119 96 109 87 88 85 86 110 104 125 89 92 99 65 47 49 53 118 48 46 94 112 111 107 127 93 95 123 98 97 42 40 Odleglosc: 125755

L. iteracji | Czas Tabo | Czas dywersyfikacji | L. zmian w dywersyfikacji | Mno¿nik kary Tabo
7000:150:150:6:1.001
124702:124702
16 1 2 51 57 54 45 103 44 35 37 36 41 14 12 31 27 30 43 34 39 38 26 25 33 122 28 29 32 80 79 77 18 21 17 22 4 20 108 15 106 6 24 23 19 72 8 9 11 114 105 7 120 10 115 13 50 121 56 5 52 124 55 66 113 64 58 100 3 90 116 60 61 91 62 59 67 73 74 68 71 70 69 75 76 78 117 84 81 126 82 83 101 102 63 119 96 109 88 87 86 85 110 104 125 89 92 99 65 47 49 53 48 118 46 94 112 111 107 127 93 95 123 98 97 42 40 



ZAPISANE ITERACJE: 
Iteracja[5]:
1 16 2 51 57 54 45 103 44 35 36 37 41 14 12 31 27 30 43 34 39 38 26 25 33 122 28 29 32 80 79 77 18 21 17 22 4 23 24 6 106 15 108 20 19 72 8 9 11 114 105 7 120 10 115 13 50 5 56 121 52 124 55 66 113 64 58 100 3 90 116 60 62 61 91 59 67 73 74 68 71 70 69 75 76 78 117 84 81 126 82 83 102 101 63 119 96 109 87 86 85 88 110 104 125 89 92 99 65 47 49 53 118 48 46 94 112 111 107 127 93 95 123 97 98 40 42 Odleglosc: 128534

ZAPISANE ITERACJE: 
Iteracja[10]:
1 16 2 51 57 54 45 103 44 35 36 37 41 14 12 31 27 30 43 34 39 38 26 25 33 122 28 29 32 80 79 77 18 21 17 22 4 23 24 6 106 15 108 20 19 72 8 9 11 114 105 7 120 10 115 13 50 5 56 121 52 124 55 66 113 64 58 100 3 90 116 60 62 61 91 59 67 73 74 68 71 70 69 75 76 78 117 84 81 126 82 83 102 101 63 119 96 109 87 86 85 88 110 104 125 89 92 99 65 47 49 53 118 48 46 94 112 111 107 127 93 95 123 97 98 42 40 Odleglosc: 127212

ZAPISANE ITERACJE: 
Iteracja[20]:
1 16 2 51 57 54 45 103 44 35 36 37 41 14 12 31 27 30 43 34 39 38 26 25 33 122 28 29 32 80 79 77 18 21 17 22 4 23 24 6 106 15 108 20 19 72 8 9 11 114 105 7 120 10 115 13 50 5 56 121 52 124 55 66 113 64 58 100 3 90 116 60 62 61 91 59 67 73 74 68 71 70 69 75 76 78 117 84 81 126 82 83 101 102 63 119 96 109 87 86 85 88 110 104 125 89 92 99 65 47 49 53 118 48 46 94 112 111 107 127 93 95 123 97 98 42 40 Odleglosc: 126586

ZAPISANE ITERACJE: 
Iteracja[50]:
1 16 2 51 57 54 45 103 44 35 36 37 41 14 12 31 27 30 43 34 39 38 26 25 33 122 28 29 32 80 79 77 18 21 17 22 4 23 24 6 106 15 108 20 19 72 8 9 11 114 105 7 120 10 115 13 50 121 56 5 52 124 55 66 113 64 58 100 3 90 116 60 62 61 91 59 67 73 74 68 71 70 69 75 76 78 117 84 81 126 82 83 101 102 63 119 96 109 87 86 85 88 110 104 125 89 92 99 65 47 49 53 118 48 46 94 112 111 107 127 93 95 123 97 98 42 40 Odleglosc: 126250

ZAPISANE ITERACJE: 
Iteracja[100]:
1 16 2 51 57 54 45 103 44 35 36 37 41 14 12 31 27 30 43 34 39 38 26 25 33 122 28 29 32 80 79 77 18 21 17 22 4 23 24 6 106 15 108 20 19 72 8 9 11 114 105 7 120 10 115 13 50 121 56 5 52 124 55 66 113 64 58 100 3 90 116 60 62 61 91 59 67 73 74 68 71 70 69 75 76 78 117 84 81 126 82 83 101 102 63 119 96 109 87 86 85 88 110 104 125 89 92 99 65 47 49 53 118 48 46 94 112 111 107 127 93 95 123 98 97 42 40 Odleglosc: 125997

ZAPISANE ITERACJE: 
Iteracja[500]:
1 16 2 51 57 54 45 103 44 35 36 37 41 14 12 31 27 30 43 34 39 38 26 25 33 122 28 29 32 80 79 77 18 21 17 22 4 23 24 6 106 15 108 20 19 72 8 9 11 114 105 7 120 10 115 13 50 121 56 5 52 124 55 66 113 64 58 100 3 90 116 60 62 61 91 59 67 73 74 68 71 70 69 75 76 78 117 84 81 126 82 83 101 102 63 119 96 109 87 88 85 86 110 104 125 89 92 99 65 47 49 53 118 48 46 94 112 111 107 127 93 95 123 98 97 42 40 Odleglosc: 125755

L. iteracji | Czas Tabo | Czas dywersyfikacji | L. zmian w dywersyfikacji | Mno¿nik kary Tabo
7000:150:150:4:1.001
124702:124702
16 1 2 51 57 54 45 103 44 35 37 36 41 14 12 31 27 30 43 34 39 38 26 25 33 122 28 29 32 80 79 77 18 21 17 22 4 20 108 15 106 6 24 23 19 72 8 9 11 114 105 7 120 10 115 13 50 121 56 5 52 124 55 66 113 64 58 100 3 90 116 60 61 91 62 59 67 73 74 68 71 70 69 75 76 78 117 84 81 126 82 83 101 102 63 119 96 109 88 87 86 85 110 104 125 89 92 99 65 47 49 53 48 118 46 94 112 111 107 127 93 95 123 98 97 42 40 



ZAPISANE ITERACJE: 
Iteracja[5]:
1 16 2 51 57 54 45 103 44 35 36 37 41 14 12 31 27 30 43 34 39 38 26 25 33 122 28 29 32 80 79 77 18 21 17 22 4 23 24 6 106 15 108 20 19 72 8 9 11 114 105 7 120 10 115 13 50 5 56 121 52 124 55 66 113 64 58 100 3 90 116 60 62 61 91 59 67 73 74 68 71 70 69 75 76 78 117 84 81 126 82 83 102 101 63 119 96 109 87 86 85 88 110 104 125 89 92 99 65 47 49 53 118 48 46 94 112 111 107 127 93 95 123 97 98 40 42 Odleglosc: 128534

ZAPISANE ITERACJE: 
Iteracja[10]:
1 16 2 51 57 54 45 103 44 35 36 37 41 14 12 31 27 30 43 34 39 38 26 25 33 122 28 29 32 80 79 77 18 21 17 22 4 23 24 6 106 15 108 20 19 72 8 9 11 114 105 7 120 10 115 13 50 5 56 121 52 124 55 66 113 64 58 100 3 90 116 60 62 61 91 59 67 73 74 68 71 70 69 75 76 78 117 84 81 126 82 83 102 101 63 119 96 109 87 86 85 88 110 104 125 89 92 99 65 47 49 53 118 48 46 94 112 111 107 127 93 95 123 97 98 42 40 Odleglosc: 127212

ZAPISANE ITERACJE: 
Iteracja[20]:
1 16 2 51 57 54 45 103 44 35 36 37 41 14 12 31 27 30 43 34 39 38 26 25 33 122 28 29 32 80 79 77 18 21 17 22 4 23 24 6 106 15 108 20 19 72 8 9 11 114 105 7 120 10 115 13 50 5 56 121 52 124 55 66 113 64 58 100 3 90 116 60 62 61 91 59 67 73 74 68 71 70 69 75 76 78 117 84 81 126 82 83 101 102 63 119 96 109 87 86 85 88 110 104 125 89 92 99 65 47 49 53 118 48 46 94 112 111 107 127 93 95 123 97 98 42 40 Odleglosc: 126586

ZAPISANE ITERACJE: 
Iteracja[50]:
1 16 2 51 57 54 45 103 44 35 36 37 41 14 12 31 27 30 43 34 39 38 26 25 33 122 28 29 32 80 79 77 18 21 17 22 4 23 24 6 106 15 108 20 19 72 8 9 11 114 105 7 120 10 115 13 50 121 56 5 52 124 55 66 113 64 58 100 3 90 116 60 62 61 91 59 67 73 74 68 71 70 69 75 76 78 117 84 81 126 82 83 101 102 63 119 96 109 87 86 85 88 110 104 125 89 92 99 65 47 49 53 118 48 46 94 112 111 107 127 93 95 123 97 98 42 40 Odleglosc: 126250

ZAPISANE ITERACJE: 
Iteracja[100]:
1 16 2 51 57 54 45 103 44 35 36 37 41 14 12 31 27 30 43 34 39 38 26 25 33 122 28 29 32 80 79 77 18 21 17 22 4 23 24 6 106 15 108 20 19 72 8 9 11 114 105 7 120 10 115 13 50 121 56 5 52 124 55 66 113 64 58 100 3 90 116 60 62 61 91 59 67 73 74 68 71 70 69 75 76 78 117 84 81 126 82 83 101 102 63 119 96 109 87 86 85 88 110 104 125 89 92 99 65 47 49 53 118 48 46 94 112 111 107 127 93 95 123 98 97 42 40 Odleglosc: 125997

ZAPISANE ITERACJE: 
Iteracja[500]:
1 16 2 51 57 54 45 103 44 35 36 37 41 14 12 31 27 30 43 34 39 38 26 25 33 122 28 29 32 80 79 77 18 21 17 22 4 23 24 6 106 15 108 20 19 72 8 9 11 114 105 7 120 10 115 13 50 121 56 5 52 124 55 66 113 64 58 100 3 90 116 60 62 61 91 59 67 73 74 68 71 70 69 75 76 78 117 84 81 126 82 83 101 102 63 119 96 109 87 88 85 86 110 104 125 89 92 99 65 47 49 53 118 48 46 94 112 111 107 127 93 95 123 98 97 42 40 Odleglosc: 125755

L. iteracji | Czas Tabo | Czas dywersyfikacji | L. zmian w dywersyfikacji | Mno¿nik kary Tabo
7000:150:150:4:1.001
124702:124702
16 1 2 51 57 54 45 103 44 35 37 36 41 14 12 31 27 30 43 34 39 38 26 25 33 122 28 29 32 80 79 77 18 21 17 22 4 20 108 15 106 6 24 23 19 72 8 9 11 114 105 7 120 10 115 13 50 121 56 5 52 124 55 66 113 64 58 100 3 90 116 60 61 91 62 59 67 73 74 68 71 70 69 75 76 78 117 84 81 126 82 83 101 102 63 119 96 109 88 87 86 85 110 104 125 89 92 99 65 47 49 53 48 118 46 94 112 111 107 127 93 95 123 98 97 42 40 



ZAPISANE ITERACJE: 
Iteracja[5]:
1 16 2 51 57 54 45 103 44 35 36 37 41 14 12 31 27 30 43 34 39 38 26 25 33 122 28 29 32 80 79 77 18 21 17 22 4 23 24 6 106 15 108 20 19 72 8 9 11 114 105 7 120 10 115 13 50 5 56 121 52 124 55 66 113 64 58 100 3 90 116 60 62 61 91 59 67 73 74 68 71 70 69 75 76 78 117 84 81 126 82 83 102 101 63 119 96 109 87 86 85 88 110 104 125 89 92 99 65 47 49 53 118 48 46 94 112 111 107 127 93 95 123 97 98 40 42 
Odleglosc: 128534

ZAPISANE ITERACJE: 
Iteracja[10]:
1 16 2 51 57 54 45 103 44 35 36 37 41 14 12 31 27 30 43 34 39 38 26 25 33 122 28 29 32 80 79 77 18 21 17 22 4 23 24 6 106 15 108 20 19 72 8 9 11 114 105 7 120 10 115 13 50 5 56 121 52 124 55 66 113 64 58 100 3 90 116 60 62 61 91 59 67 73 74 68 71 70 69 75 76 78 117 84 81 126 82 83 102 101 63 119 96 109 87 86 85 88 110 104 125 89 92 99 65 47 49 53 118 48 46 94 112 111 107 127 93 95 123 97 98 42 40 
Odleglosc: 127212

ZAPISANE ITERACJE: 
Iteracja[20]:
1 16 2 51 57 54 45 103 44 35 36 37 41 14 12 31 27 30 43 34 39 38 26 25 33 122 28 29 32 80 79 77 18 21 17 22 4 23 24 6 106 15 108 20 19 72 8 9 11 114 105 7 120 10 115 13 50 5 56 121 52 124 55 66 113 64 58 100 3 90 116 60 62 61 91 59 67 73 74 68 71 70 69 75 76 78 117 84 81 126 82 83 101 102 63 119 96 109 87 86 85 88 110 104 125 89 92 99 65 47 49 53 118 48 46 94 112 111 107 127 93 95 123 97 98 42 40 
Odleglosc: 126586

ZAPISANE ITERACJE: 
Iteracja[50]:
1 16 2 51 57 54 45 103 44 35 36 37 41 14 12 31 27 30 43 34 39 38 26 25 33 122 28 29 32 80 79 77 18 21 17 22 4 23 24 6 106 15 108 20 19 72 8 9 11 114 105 7 120 10 115 13 50 121 56 5 52 124 55 66 113 64 58 100 3 90 116 60 62 61 91 59 67 73 74 68 71 70 69 75 76 78 117 84 81 126 82 83 101 102 63 119 96 109 87 86 85 88 110 104 125 89 92 99 65 47 49 53 118 48 46 94 112 111 107 127 93 95 123 97 98 42 40 
Odleglosc: 126250

ZAPISANE ITERACJE: 
Iteracja[100]:
1 16 2 51 57 54 45 103 44 35 36 37 41 14 12 31 27 30 43 34 39 38 26 25 33 122 28 29 32 80 79 77 18 21 17 22 4 23 24 6 106 15 108 20 19 72 8 9 11 114 105 7 120 10 115 13 50 121 56 5 52 124 55 66 113 64 58 100 3 90 116 60 62 61 91 59 67 73 74 68 71 70 69 75 76 78 117 84 81 126 82 83 101 102 63 119 96 109 87 86 85 88 110 104 125 89 92 99 65 47 49 53 118 48 46 94 112 111 107 127 93 95 123 98 97 42 40 
Odleglosc: 125997

ZAPISANE ITERACJE: 
Iteracja[500]:
1 16 2 51 57 54 45 103 44 35 36 37 41 14 12 31 27 30 43 34 39 38 26 25 33 122 28 29 32 80 79 77 18 21 17 22 4 23 24 6 106 15 108 20 19 72 8 9 11 114 105 7 120 10 115 13 50 121 56 5 52 124 55 66 113 64 58 100 3 90 116 60 62 61 91 59 67 73 74 68 71 70 69 75 76 78 117 84 81 126 82 83 101 102 63 119 96 109 87 88 85 86 110 104 125 89 92 99 65 47 49 53 118 48 46 94 112 111 107 127 93 95 123 98 97 42 40 
Odleglosc: 125755

ZAPISANE ITERACJE: 
Iteracja[1000]:
1 16 2 51 57 54 45 103 44 35 36 37 41 14 12 31 27 30 43 34 39 38 26 25 33 122 28 29 32 80 79 77 18 21 17 22 4 23 24 6 106 15 108 20 19 72 8 9 11 114 105 7 120 10 115 13 50 121 56 5 52 124 55 66 113 64 58 100 3 90 116 60 62 61 91 59 67 73 74 68 71 70 69 75 76 78 117 84 81 126 82 83 101 102 63 119 96 109 87 88 86 85 110 104 125 89 92 99 65 47 49 53 118 48 46 94 112 111 107 127 93 95 123 98 97 42 40 
Odleglosc: 125475

ZAPISANE ITERACJE: 
Iteracja[2000]:
16 1 2 51 57 54 45 103 44 35 36 37 41 14 12 31 27 30 43 34 39 38 26 25 33 122 28 29 32 80 79 77 18 21 17 22 4 23 24 6 106 15 108 20 19 72 8 9 11 114 105 7 120 10 115 13 50 121 56 5 52 124 55 66 113 64 58 100 3 90 116 60 62 61 91 59 67 73 74 68 71 70 69 75 76 78 117 84 81 126 82 83 101 102 63 119 96 109 87 88 86 85 110 104 125 89 92 99 65 47 49 53 118 48 46 94 112 111 107 127 93 95 123 98 97 42 40 
Odleglosc: 125249

ZAPISANE ITERACJE: 
Iteracja[3000]:
16 1 2 51 57 54 45 103 44 35 36 37 41 14 12 31 27 30 43 34 39 38 26 25 33 122 28 29 32 80 79 77 18 21 17 22 4 23 24 6 106 15 108 20 19 72 8 9 11 114 105 7 120 10 115 13 50 121 56 5 52 124 55 66 113 64 58 100 3 90 116 60 62 61 91 59 67 73 74 68 71 70 69 75 76 78 117 84 81 126 82 83 101 102 63 119 96 109 88 87 86 85 110 104 125 89 92 99 65 47 49 53 118 48 46 94 112 111 107 127 93 95 123 98 97 42 40 
Odleglosc: 125098

ZAPISANE ITERACJE: 
Iteracja[4000]:
16 1 2 51 57 54 45 103 44 35 36 37 41 14 12 31 27 30 43 34 39 38 26 25 33 122 28 29 32 80 79 77 18 21 17 22 4 23 24 6 106 15 108 20 19 72 8 9 11 114 105 7 120 10 115 13 50 121 56 5 52 124 55 66 113 64 58 100 3 90 116 60 91 61 62 59 67 73 74 68 71 70 69 75 76 78 117 84 81 126 82 83 101 102 63 119 96 109 88 87 86 85 110 104 125 89 92 99 65 47 49 53 118 48 46 94 112 111 107 127 93 95 123 98 97 42 40 
Odleglosc: 124984

ZAPISANE ITERACJE: 
Iteracja[5000]:
16 1 2 51 57 54 45 103 44 35 36 37 41 14 12 31 27 30 43 34 39 38 26 25 33 122 28 29 32 80 79 77 18 21 17 22 4 23 24 6 106 15 108 20 19 72 8 9 11 114 105 7 120 10 115 13 50 121 56 5 52 124 55 66 113 64 58 100 3 90 116 60 91 61 62 59 67 73 74 68 71 70 69 75 76 78 117 84 81 126 82 83 101 102 63 119 96 109 88 87 86 85 110 104 125 89 92 99 65 47 49 53 48 118 46 94 112 111 107 127 93 95 123 98 97 42 40 
Odleglosc: 124905

ZAPISANE ITERACJE: 
Iteracja[6000]:
16 1 2 51 57 54 45 103 44 35 37 36 41 14 12 31 27 30 43 34 39 38 26 25 33 122 28 29 32 80 79 77 18 21 17 22 4 23 24 6 106 15 108 20 19 72 8 9 11 114 105 7 120 10 115 13 50 121 56 5 52 124 55 66 113 64 58 100 3 90 116 60 91 61 62 59 67 73 74 68 71 70 69 75 76 78 117 84 81 126 82 83 101 102 63 119 96 109 88 87 86 85 110 104 125 89 92 99 65 47 49 53 48 118 46 94 112 111 107 127 93 95 123 98 97 42 40 
Odleglosc: 124845

ZAPISANE ITERACJE: 
Iteracja[7000]:
16 1 2 51 57 54 45 103 44 35 37 36 41 14 12 31 27 30 43 34 39 38 26 25 33 122 28 29 32 80 79 77 18 21 17 22 4 23 24 6 106 15 108 20 19 72 8 9 11 114 105 7 120 10 115 13 50 121 56 5 52 124 55 66 113 64 58 100 3 90 116 60 61 91 62 59 67 73 74 68 71 70 69 75 76 78 117 84 81 126 82 83 101 102 63 119 96 109 88 87 86 85 110 104 125 89 92 99 65 47 49 53 48 118 46 94 112 111 107 127 93 95 123 98 97 42 40 
Odleglosc: 124820

L. iteracji | Czas Tabo | Czas dywersyfikacji | L. zmian w dywersyfikacji | Mno¿nik kary Tabo
7000:80:70:5:1.01
124702:124702
16 1 2 51 57 54 45 103 44 35 37 36 41 14 12 31 27 30 43 34 39 38 26 25 33 122 28 29 32 80 79 77 18 21 17 22 4 20 108 15 106 6 24 23 19 72 8 9 11 114 105 7 120 10 115 13 50 121 56 5 52 124 55 66 113 64 58 100 3 90 116 60 61 91 62 59 67 73 74 68 71 70 69 75 76 78 117 84 81 126 82 83 101 102 63 119 96 109 88 87 86 85 110 104 125 89 92 99 65 47 49 53 48 118 46 94 112 111 107 127 93 95 123 98 97 42 40 



ZAPISANE ITERACJE: 
Iteracja[5]:
1 16 2 51 57 54 45 103 44 35 36 37 41 14 12 31 27 30 43 34 39 38 26 25 33 122 28 29 32 80 79 77 18 21 17 22 4 23 24 6 106 15 108 20 19 72 8 9 11 114 105 7 120 10 115 13 50 5 56 121 52 124 55 66 113 64 58 100 3 90 116 60 62 61 91 59 67 73 74 68 71 70 69 75 76 78 117 84 81 126 82 83 102 101 63 119 96 109 87 86 85 88 110 104 125 89 92 99 65 47 49 53 118 48 46 94 112 111 107 127 93 95 123 97 98 40 42 
Odleglosc: 128534

ZAPISANE ITERACJE: 
Iteracja[10]:
1 16 2 51 57 54 45 103 44 35 36 37 41 14 12 31 27 30 43 34 39 38 26 25 33 122 28 29 32 80 79 77 18 21 17 22 4 23 24 6 106 15 108 20 19 72 8 9 11 114 105 7 120 10 115 13 50 5 56 121 52 124 55 66 113 64 58 100 3 90 116 60 62 61 91 59 67 73 74 68 71 70 69 75 76 78 117 84 81 126 82 83 102 101 63 119 96 109 87 86 85 88 110 104 125 89 92 99 65 47 49 53 118 48 46 94 112 111 107 127 93 95 123 97 98 42 40 
Odleglosc: 127212

ZAPISANE ITERACJE: 
Iteracja[20]:
1 16 2 51 57 54 45 103 44 35 36 37 41 14 12 31 27 30 43 34 39 38 26 25 33 122 28 29 32 80 79 77 18 21 17 22 4 23 24 6 106 15 108 20 19 72 8 9 11 114 105 7 120 10 115 13 50 5 56 121 52 124 55 66 113 64 58 100 3 90 116 60 62 61 91 59 67 73 74 68 71 70 69 75 76 78 117 84 81 126 82 83 101 102 63 119 96 109 87 86 85 88 110 104 125 89 92 99 65 47 49 53 118 48 46 94 112 111 107 127 93 95 123 97 98 42 40 
Odleglosc: 126586

ZAPISANE ITERACJE: 
Iteracja[50]:
1 16 2 51 57 54 45 103 44 35 36 37 41 14 12 31 27 30 43 34 39 38 26 25 33 122 28 29 32 80 79 77 18 21 17 22 4 23 24 6 106 15 108 20 19 72 8 9 11 114 105 7 120 10 115 13 50 121 56 5 52 124 55 66 113 64 58 100 3 90 116 60 62 61 91 59 67 73 74 68 71 70 69 75 76 78 117 84 81 126 82 83 101 102 63 119 96 109 87 86 85 88 110 104 125 89 92 99 65 47 49 53 118 48 46 94 112 111 107 127 93 95 123 97 98 42 40 
Odleglosc: 126250

ZAPISANE ITERACJE: 
Iteracja[100]:
1 16 2 51 57 54 45 103 44 35 36 37 41 14 12 31 27 30 43 34 39 38 26 25 33 122 28 29 32 80 79 77 18 21 17 22 4 23 24 6 106 15 108 20 19 72 8 9 11 114 105 7 120 10 115 13 50 121 56 5 52 124 55 66 113 64 58 100 3 90 116 60 62 61 91 59 67 73 74 68 71 70 69 75 76 78 117 84 81 126 82 83 101 102 63 119 96 109 87 86 85 88 110 104 125 89 92 99 65 47 49 53 118 48 46 94 112 111 107 127 93 95 123 98 97 42 40 
Odleglosc: 125997

ZAPISANE ITERACJE: 
Iteracja[500]:
1 16 2 51 57 54 45 103 44 35 36 37 41 14 12 31 27 30 43 34 39 38 26 25 33 122 28 29 32 80 79 77 18 21 17 22 4 23 24 6 106 15 108 20 19 72 8 9 11 114 105 7 120 10 115 13 50 121 56 5 52 124 55 66 113 64 58 100 3 90 116 60 62 61 91 59 67 73 74 68 71 70 69 75 76 78 117 84 81 126 82 83 101 102 63 119 96 109 87 88 85 86 110 104 125 89 92 99 65 47 49 53 118 48 46 94 112 111 107 127 93 95 123 98 97 42 40 
Odleglosc: 125755

ZAPISANE ITERACJE: 
Iteracja[1000]:
1 16 2 51 57 54 45 103 44 35 36 37 41 14 12 31 27 30 43 34 39 38 26 25 33 122 28 29 32 80 79 77 18 21 17 22 4 23 24 6 106 15 108 20 19 72 8 9 11 114 105 7 120 10 115 13 50 121 56 5 52 124 55 66 113 64 58 100 3 90 116 60 62 61 91 59 67 73 74 68 71 70 69 75 76 78 117 84 81 126 82 83 101 102 63 119 96 109 87 88 86 85 110 104 125 89 92 99 65 47 49 53 118 48 46 94 112 111 107 127 93 95 123 98 97 42 40 
Odleglosc: 125475

ZAPISANE ITERACJE: 
Iteracja[2000]:
16 1 2 51 57 54 45 103 44 35 36 37 41 14 12 31 27 30 43 34 39 38 26 25 33 122 28 29 32 80 79 77 18 21 17 22 4 23 24 6 106 15 108 20 19 72 8 9 11 114 105 7 120 10 115 13 50 121 56 5 52 124 55 66 113 64 58 100 3 90 116 60 62 61 91 59 67 73 74 68 71 70 69 75 76 78 117 84 81 126 82 83 101 102 63 119 96 109 87 88 86 85 110 104 125 89 92 99 65 47 49 53 118 48 46 94 112 111 107 127 93 95 123 98 97 42 40 
Odleglosc: 125249

ZAPISANE ITERACJE: 
Iteracja[3000]:
16 1 2 51 57 54 45 103 44 35 36 37 41 14 12 31 27 30 43 34 39 38 26 25 33 122 28 29 32 80 79 77 18 21 17 22 4 23 24 6 106 15 108 20 19 72 8 9 11 114 105 7 120 10 115 13 50 121 56 5 52 124 55 66 113 64 58 100 3 90 116 60 62 61 91 59 67 73 74 68 71 70 69 75 76 78 117 84 81 126 82 83 101 102 63 119 96 109 88 87 86 85 110 104 125 89 92 99 65 47 49 53 118 48 46 94 112 111 107 127 93 95 123 98 97 42 40 
Odleglosc: 125098

ZAPISANE ITERACJE: 
Iteracja[4000]:
16 1 2 51 57 54 45 103 44 35 36 37 41 14 12 31 27 30 43 34 39 38 26 25 33 122 28 29 32 80 79 77 18 21 17 22 4 23 24 6 106 15 108 20 19 72 8 9 11 114 105 7 120 10 115 13 50 121 56 5 52 124 55 66 113 64 58 100 3 90 116 60 91 61 62 59 67 73 74 68 71 70 69 75 76 78 117 84 81 126 82 83 101 102 63 119 96 109 88 87 86 85 110 104 125 89 92 99 65 47 49 53 118 48 46 94 112 111 107 127 93 95 123 98 97 42 40 
Odleglosc: 124984

ZAPISANE ITERACJE: 
Iteracja[5000]:
16 1 2 51 57 54 45 103 44 35 36 37 41 14 12 31 27 30 43 34 39 38 26 25 33 122 28 29 32 80 79 77 18 21 17 22 4 23 24 6 106 15 108 20 19 72 8 9 11 114 105 7 120 10 115 13 50 121 56 5 52 124 55 66 113 64 58 100 3 90 116 60 91 61 62 59 67 73 74 68 71 70 69 75 76 78 117 84 81 126 82 83 101 102 63 119 96 109 88 87 86 85 110 104 125 89 92 99 65 47 49 53 48 118 46 94 112 111 107 127 93 95 123 98 97 42 40 
Odleglosc: 124905

ZAPISANE ITERACJE: 
Iteracja[6000]:
16 1 2 51 57 54 45 103 44 35 37 36 41 14 12 31 27 30 43 34 39 38 26 25 33 122 28 29 32 80 79 77 18 21 17 22 4 23 24 6 106 15 108 20 19 72 8 9 11 114 105 7 120 10 115 13 50 121 56 5 52 124 55 66 113 64 58 100 3 90 116 60 91 61 62 59 67 73 74 68 71 70 69 75 76 78 117 84 81 126 82 83 101 102 63 119 96 109 88 87 86 85 110 104 125 89 92 99 65 47 49 53 48 118 46 94 112 111 107 127 93 95 123 98 97 42 40 
Odleglosc: 124845

ZAPISANE ITERACJE: 
Iteracja[7000]:
16 1 2 51 57 54 45 103 44 35 37 36 41 14 12 31 27 30 43 34 39 38 26 25 33 122 28 29 32 80 79 77 18 21 17 22 4 23 24 6 106 15 108 20 19 72 8 9 11 114 105 7 120 10 115 13 50 121 56 5 52 124 55 66 113 64 58 100 3 90 116 60 61 91 62 59 67 73 74 68 71 70 69 75 76 78 117 84 81 126 82 83 101 102 63 119 96 109 88 87 86 85 110 104 125 89 92 99 65 47 49 53 48 118 46 94 112 111 107 127 93 95 123 98 97 42 40 
Odleglosc: 124820

L. iteracji | Czas Tabo | Czas dywersyfikacji | L. zmian w dywersyfikacji | Mno¿nik kary Tabo
7000:80:70:5:1.01
124702:124702
16 1 2 51 57 54 45 103 44 35 37 36 41 14 12 31 27 30 43 34 39 38 26 25 33 122 28 29 32 80 79 77 18 21 17 22 4 20 108 15 106 6 24 23 19 72 8 9 11 114 105 7 120 10 115 13 50 121 56 5 52 124 55 66 113 64 58 100 3 90 116 60 61 91 62 59 67 73 74 68 71 70 69 75 76 78 117 84 81 126 82 83 101 102 63 119 96 109 88 87 86 85 110 104 125 89 92 99 65 47 49 53 48 118 46 94 112 111 107 127 93 95 123 98 97 42 40 



ZAPISANE ITERACJE: 
Iteracja[5]:
1 16 2 51 57 54 45 103 44 35 36 37 41 14 12 31 27 30 43 34 39 38 26 25 33 122 28 29 32 80 79 77 18 21 17 22 4 23 24 6 106 15 108 20 19 72 8 9 11 114 105 7 120 10 115 13 50 5 56 121 52 124 55 66 113 64 58 100 3 90 116 60 62 61 91 59 67 73 74 68 71 70 69 75 76 78 117 84 81 126 82 83 102 101 63 119 96 109 87 86 85 88 110 104 125 89 92 99 65 47 49 53 118 48 46 94 112 111 107 127 93 95 123 97 98 40 42 
Odleglosc: 128534

ZAPISANE ITERACJE: 
Iteracja[10]:
1 16 2 51 57 54 45 103 44 35 36 37 41 14 12 31 27 30 43 34 39 38 26 25 33 122 28 29 32 80 79 77 18 21 17 22 4 23 24 6 106 15 108 20 19 72 8 9 11 114 105 7 120 10 115 13 50 5 56 121 52 124 55 66 113 64 58 100 3 90 116 60 62 61 91 59 67 73 74 68 71 70 69 75 76 78 117 84 81 126 82 83 102 101 63 119 96 109 87 86 85 88 110 104 125 89 92 99 65 47 49 53 118 48 46 94 112 111 107 127 93 95 123 97 98 42 40 
Odleglosc: 127212

ZAPISANE ITERACJE: 
Iteracja[20]:
1 16 2 51 57 54 45 103 44 35 36 37 41 14 12 31 27 30 43 34 39 38 26 25 33 122 28 29 32 80 79 77 18 21 17 22 4 23 24 6 106 15 108 20 19 72 8 9 11 114 105 7 120 10 115 13 50 5 56 121 52 124 55 66 113 64 58 100 3 90 116 60 62 61 91 59 67 73 74 68 71 70 69 75 76 78 117 84 81 126 82 83 101 102 63 119 96 109 87 86 85 88 110 104 125 89 92 99 65 47 49 53 118 48 46 94 112 111 107 127 93 95 123 97 98 42 40 
Odleglosc: 126586

ZAPISANE ITERACJE: 
Iteracja[50]:
1 16 2 51 57 54 45 103 44 35 36 37 41 14 12 31 27 30 43 34 39 38 26 25 33 122 28 29 32 80 79 77 18 21 17 22 4 23 24 6 106 15 108 20 19 72 8 9 11 114 105 7 120 10 115 13 50 121 56 5 52 124 55 66 113 64 58 100 3 90 116 60 62 61 91 59 67 73 74 68 71 70 69 75 76 78 117 84 81 126 82 83 101 102 63 119 96 109 87 86 85 88 110 104 125 89 92 99 65 47 49 53 118 48 46 94 112 111 107 127 93 95 123 97 98 42 40 
Odleglosc: 126250

ZAPISANE ITERACJE: 
Iteracja[100]:
1 16 2 51 57 54 45 103 44 35 36 37 41 14 12 31 27 30 43 34 39 38 26 25 33 122 28 29 32 80 79 77 18 21 17 22 4 23 24 6 106 15 108 20 19 72 8 9 11 114 105 7 120 10 115 13 50 121 56 5 52 124 55 66 113 64 58 100 3 90 116 60 62 61 91 59 67 73 74 68 71 70 69 75 76 78 117 84 81 126 82 83 101 102 63 119 96 109 87 86 85 88 110 104 125 89 92 99 65 47 49 53 118 48 46 94 112 111 107 127 93 95 123 98 97 42 40 
Odleglosc: 125997

ZAPISANE ITERACJE: 
Iteracja[500]:
1 16 2 51 57 54 45 103 44 35 36 37 41 14 12 31 27 30 43 34 39 38 26 25 33 122 28 29 32 80 79 77 18 21 17 22 4 23 24 6 106 15 108 20 19 72 8 9 11 114 105 7 120 10 115 13 50 121 56 5 52 124 55 66 113 64 58 100 3 90 116 60 62 61 91 59 67 73 74 68 71 70 69 75 76 78 117 84 81 126 82 83 101 102 63 119 96 109 87 88 85 86 110 104 125 89 92 99 65 47 49 53 118 48 46 94 112 111 107 127 93 95 123 98 97 42 40 
Odleglosc: 125755

ZAPISANE ITERACJE: 
Iteracja[1000]:
1 16 2 51 57 54 45 103 44 35 36 37 41 14 12 31 27 30 43 34 39 38 26 25 33 122 28 29 32 80 79 77 18 21 17 22 4 23 24 6 106 15 108 20 19 72 8 9 11 114 105 7 120 10 115 13 50 121 56 5 52 124 55 66 113 64 58 100 3 90 116 60 62 61 91 59 67 73 74 68 71 70 69 75 76 78 117 84 81 126 82 83 101 102 63 119 96 109 87 88 86 85 110 104 125 89 92 99 65 47 49 53 118 48 46 94 112 111 107 127 93 95 123 98 97 42 40 
Odleglosc: 125475

ZAPISANE ITERACJE: 
Iteracja[2000]:
16 1 2 51 57 54 45 103 44 35 36 37 41 14 12 31 27 30 43 34 39 38 26 25 33 122 28 29 32 80 79 77 18 21 17 22 4 23 24 6 106 15 108 20 19 72 8 9 11 114 105 7 120 10 115 13 50 121 56 5 52 124 55 66 113 64 58 100 3 90 116 60 62 61 91 59 67 73 74 68 71 70 69 75 76 78 117 84 81 126 82 83 101 102 63 119 96 109 87 88 86 85 110 104 125 89 92 99 65 47 49 53 118 48 46 94 112 111 107 127 93 95 123 98 97 42 40 
Odleglosc: 125249

ZAPISANE ITERACJE: 
Iteracja[3000]:
16 1 2 51 57 54 45 103 44 35 36 37 41 14 12 31 27 30 43 34 39 38 26 25 33 122 28 29 32 80 79 77 18 21 17 22 4 23 24 6 106 15 108 20 19 72 8 9 11 114 105 7 120 10 115 13 50 121 56 5 52 124 55 66 113 64 58 100 3 90 116 60 62 61 91 59 67 73 74 68 71 70 69 75 76 78 117 84 81 126 82 83 101 102 63 119 96 109 88 87 86 85 110 104 125 89 92 99 65 47 49 53 118 48 46 94 112 111 107 127 93 95 123 98 97 42 40 
Odleglosc: 125098

ZAPISANE ITERACJE: 
Iteracja[4000]:
16 1 2 51 57 54 45 103 44 35 36 37 41 14 12 31 27 30 43 34 39 38 26 25 33 122 28 29 32 80 79 77 18 21 17 22 4 23 24 6 106 15 108 20 19 72 8 9 11 114 105 7 120 10 115 13 50 121 56 5 52 124 55 66 113 64 58 100 3 90 116 60 91 61 62 59 67 73 74 68 71 70 69 75 76 78 117 84 81 126 82 83 101 102 63 119 96 109 88 87 86 85 110 104 125 89 92 99 65 47 49 53 118 48 46 94 112 111 107 127 93 95 123 98 97 42 40 
Odleglosc: 124984

ZAPISANE ITERACJE: 
Iteracja[5000]:
16 1 2 51 57 54 45 103 44 35 36 37 41 14 12 31 27 30 43 34 39 38 26 25 33 122 28 29 32 80 79 77 18 21 17 22 4 23 24 6 106 15 108 20 19 72 8 9 11 114 105 7 120 10 115 13 50 121 56 5 52 124 55 66 113 64 58 100 3 90 116 60 91 61 62 59 67 73 74 68 71 70 69 75 76 78 117 84 81 126 82 83 101 102 63 119 96 109 88 87 86 85 110 104 125 89 92 99 65 47 49 53 48 118 46 94 112 111 107 127 93 95 123 98 97 42 40 
Odleglosc: 124905

ZAPISANE ITERACJE: 
Iteracja[6000]:
16 1 2 51 57 54 45 103 44 35 37 36 41 14 12 31 27 30 43 34 39 38 26 25 33 122 28 29 32 80 79 77 18 21 17 22 4 23 24 6 106 15 108 20 19 72 8 9 11 114 105 7 120 10 115 13 50 121 56 5 52 124 55 66 113 64 58 100 3 90 116 60 91 61 62 59 67 73 74 68 71 70 69 75 76 78 117 84 81 126 82 83 101 102 63 119 96 109 88 87 86 85 110 104 125 89 92 99 65 47 49 53 48 118 46 94 112 111 107 127 93 95 123 98 97 42 40 
Odleglosc: 124845

ZAPISANE ITERACJE: 
Iteracja[7000]:
16 1 2 51 57 54 45 103 44 35 37 36 41 14 12 31 27 30 43 34 39 38 26 25 33 122 28 29 32 80 79 77 18 21 17 22 4 23 24 6 106 15 108 20 19 72 8 9 11 114 105 7 120 10 115 13 50 121 56 5 52 124 55 66 113 64 58 100 3 90 116 60 61 91 62 59 67 73 74 68 71 70 69 75 76 78 117 84 81 126 82 83 101 102 63 119 96 109 88 87 86 85 110 104 125 89 92 99 65 47 49 53 48 118 46 94 112 111 107 127 93 95 123 98 97 42 40 
Odleglosc: 124820

L. iteracji | Czas Tabo | Czas dywersyfikacji | L. zmian w dywersyfikacji | Mno¿nik kary Tabo
7000:80:70:10:1.01
124702:124702
16 1 2 51 57 54 45 103 44 35 37 36 41 14 12 31 27 30 43 34 39 38 26 25 33 122 28 29 32 80 79 77 18 21 17 22 4 20 108 15 106 6 24 23 19 72 8 9 11 114 105 7 120 10 115 13 50 121 56 5 52 124 55 66 113 64 58 100 3 90 116 60 61 91 62 59 67 73 74 68 71 70 69 75 76 78 117 84 81 126 82 83 101 102 63 119 96 109 88 87 86 85 110 104 125 89 92 99 65 47 49 53 48 118 46 94 112 111 107 127 93 95 123 98 97 42 40 



ZAPISANE ITERACJE: 
Iteracja[5]:
Obecna Iteracja 
1 16 2 51 57 54 45 103 44 35 36 37 41 14 12 31 27 30 43 34 39 38 26 25 33 122 28 29 32 80 79 77 18 21 17 22 4 23 24 6 106 15 108 20 19 72 8 9 11 114 105 7 120 10 115 13 50 121 56 5 52 124 55 66 113 64 58 100 3 90 116 60 62 61 91 59 67 73 74 68 71 70 69 75 76 78 117 84 81 126 82 83 101 102 63 119 96 109 87 88 85 86 110 104 125 89 92 99 65 47 49 53 118 48 46 94 112 111 107 127 93 95 123 98 97 42 40 
Odleglosc: 125755
Najlepsza Iteracja 
1 16 2 51 57 54 45 103 44 35 36 37 41 14 12 31 27 30 43 34 39 38 26 25 33 122 28 29 32 80 79 77 18 21 17 22 4 23 24 6 106 15 108 20 19 72 8 9 11 114 105 7 120 10 115 13 50 121 56 5 52 124 55 66 113 64 58 100 3 90 116 60 62 61 91 59 67 73 74 68 71 70 69 75 76 78 117 84 81 126 82 83 101 102 63 119 96 109 87 88 85 86 110 104 125 89 92 99 65 47 49 53 118 48 46 94 112 111 107 127 93 95 123 98 97 42 40 
Odleglosc: 125755

ZAPISANE ITERACJE: 
Iteracja[10]:
Obecna Iteracja 
16 1 2 51 57 54 45 103 44 35 36 37 41 14 12 31 27 30 43 34 39 38 26 25 33 122 28 29 32 80 79 77 18 21 17 22 4 23 24 6 106 15 108 20 19 72 8 9 11 114 105 7 120 10 115 13 50 121 56 5 52 124 55 66 113 64 58 100 3 90 116 60 91 61 62 59 67 73 74 68 71 70 69 75 76 78 117 84 81 126 82 83 101 102 63 119 96 109 88 87 86 85 110 104 125 89 92 99 65 47 49 53 48 118 46 94 112 111 107 127 93 95 123 98 97 42 40 
Odleglosc: 124905
Najlepsza Iteracja 
16 1 2 51 57 54 45 103 44 35 36 37 41 14 12 31 27 30 43 34 39 38 26 25 33 122 28 29 32 80 79 77 18 21 17 22 4 23 24 6 106 15 108 20 19 72 8 9 11 114 105 7 120 10 115 13 50 121 56 5 52 124 55 66 113 64 58 100 3 90 116 60 91 61 62 59 67 73 74 68 71 70 69 75 76 78 117 84 81 126 82 83 101 102 63 119 96 109 88 87 86 85 110 104 125 89 92 99 65 47 49 53 48 118 46 94 112 111 107 127 93 95 123 98 97 42 40 
Odleglosc: 124905

ZAPISANE ITERACJE: 
Iteracja[20]:
Obecna Iteracja 
16 1 2 51 57 54 45 103 44 35 37 36 41 14 12 31 27 30 43 34 39 38 26 25 33 122 28 29 32 80 79 77 18 21 17 22 4 108 20 15 106 6 24 23 19 72 8 9 11 114 105 7 120 10 115 13 50 121 56 5 52 124 55 66 113 64 58 100 3 90 116 60 61 91 62 59 67 73 74 68 71 70 69 75 76 78 117 84 81 126 82 83 101 102 63 119 96 109 88 87 86 85 110 104 125 89 92 99 65 47 49 53 48 118 46 94 112 111 107 127 93 95 123 98 97 42 40 
Odleglosc: 124702
Najlepsza Iteracja 
16 1 2 51 57 54 45 103 44 35 37 36 41 14 12 31 27 30 43 34 39 38 26 25 33 122 28 29 32 80 79 77 18 21 17 22 4 20 108 15 106 6 24 23 19 72 8 9 11 114 105 7 120 10 115 13 50 121 56 5 52 124 55 66 113 64 58 100 3 90 116 60 61 91 62 59 67 73 74 68 71 70 69 75 76 78 117 84 81 126 82 83 101 102 63 119 96 109 88 87 86 85 110 104 125 89 92 99 65 47 49 53 48 118 46 94 112 111 107 127 93 95 123 98 97 42 40 
Odleglosc: 124702

ZAPISANE ITERACJE: 
Iteracja[50]:
Obecna Iteracja 
16 1 2 51 57 54 45 103 44 35 37 36 41 14 12 31 27 30 43 34 39 38 26 25 28 122 33 32 29 80 79 77 18 17 21 22 108 20 15 106 6 24 23 4 19 72 8 9 11 114 105 7 120 10 13 115 50 5 121 56 52 124 55 66 113 58 64 100 3 116 90 61 91 62 59 60 67 73 74 68 71 70 69 75 76 78 117 84 81 126 82 83 101 102 63 119 96 109 88 87 86 85 110 104 125 89 92 99 65 47 49 48 53 118 46 94 112 111 107 127 93 95 123 98 97 42 40 
Odleglosc: 126190
Najlepsza Iteracja 
16 1 2 51 57 54 45 103 44 35 37 36 41 14 12 31 27 30 43 34 39 38 26 25 33 122 28 29 32 80 79 77 18 21 17 22 4 20 108 15 106 6 24 23 19 72 8 9 11 114 105 7 120 10 115 13 50 121 56 5 52 124 55 66 113 64 58 100 3 90 116 60 61 91 62 59 67 73 74 68 71 70 69 75 76 78 117 84 81 126 82 83 101 102 63 119 96 109 88 87 86 85 110 104 125 89 92 99 65 47 49 53 48 118 46 94 112 111 107 127 93 95 123 98 97 42 40 
Odleglosc: 124702

ZAPISANE ITERACJE: 
Iteracja[100]:
Obecna Iteracja 
16 1 2 51 57 54 44 103 45 35 37 36 41 14 12 31 27 30 43 34 39 38 28 122 33 29 32 25 26 80 79 77 18 17 21 20 15 108 22 19 72 8 4 23 24 6 106 9 11 114 105 7 10 120 13 115 50 5 121 56 124 52 55 66 113 58 64 100 3 116 90 61 91 62 59 60 67 74 73 68 71 70 69 75 76 78 117 84 81 126 82 83 101 102 63 119 96 109 88 87 86 85 110 104 125 89 92 99 65 47 49 48 53 118 46 94 112 111 107 127 93 95 123 98 97 42 40 
Odleglosc: 127770
Najlepsza Iteracja 
16 1 2 51 57 54 45 103 44 35 37 36 41 14 12 31 27 30 43 34 39 38 26 25 33 122 28 29 32 80 79 77 18 21 17 22 4 20 108 15 106 6 24 23 19 72 8 9 11 114 105 7 120 10 115 13 50 121 56 5 52 124 55 66 113 64 58 100 3 90 116 60 61 91 62 59 67 73 74 68 71 70 69 75 76 78 117 84 81 126 82 83 101 102 63 119 96 109 88 87 86 85 110 104 125 89 92 99 65 47 49 53 48 118 46 94 112 111 107 127 93 95 123 98 97 42 40 
Odleglosc: 124702

ZAPISANE ITERACJE: 
Iteracja[500]:
Obecna Iteracja 
33 26 2 51 57 54 44 103 45 42 34 30 27 31 12 1 16 14 41 37 36 35 40 43 39 38 28 122 25 80 79 77 18 72 8 9 11 114 105 7 108 24 21 22 19 23 4 17 20 6 15 106 13 10 120 115 50 121 5 56 124 52 55 66 113 58 64 100 3 116 90 61 91 59 62 60 67 74 73 68 71 70 69 75 76 78 117 84 81 126 82 83 101 102 63 119 96 109 87 88 86 85 110 104 125 89 92 99 65 47 49 48 53 118 46 94 112 111 107 127 93 95 123 98 97 32 29 
Odleglosc: 133215
Najlepsza Iteracja 
16 1 2 51 57 54 45 103 44 35 37 36 41 14 12 31 27 30 43 34 39 38 26 25 33 122 28 29 32 80 79 77 18 21 17 22 4 20 108 15 106 6 24 23 19 72 8 9 11 114 105 7 120 10 115 13 50 121 56 5 52 124 55 66 113 64 58 100 3 90 116 60 61 91 62 59 67 73 74 68 71 70 69 75 76 78 117 84 81 126 82 83 101 102 63 119 96 109 88 87 86 85 110 104 125 89 92 99 65 47 49 53 48 118 46 94 112 111 107 127 93 95 123 98 97 42 40 
Odleglosc: 124702

ZAPISANE ITERACJE: 
Iteracja[1000]:
Obecna Iteracja 
16 1 2 51 57 54 45 103 44 35 36 37 12 14 41 30 27 31 43 34 39 38 122 28 33 29 32 25 26 80 79 77 18 17 21 20 108 6 11 9 23 106 114 105 15 24 4 22 19 8 72 7 120 10 13 115 50 5 121 56 52 124 55 66 113 58 64 100 3 91 61 62 60 59 116 90 67 73 74 68 71 70 69 75 76 78 117 84 81 126 82 83 101 102 63 119 96 109 87 88 86 85 110 104 125 89 92 99 65 47 53 49 46 94 112 111 107 127 93 118 48 95 97 98 123 42 40 
Odleglosc: 135875
Najlepsza Iteracja 
16 1 2 51 57 54 45 103 44 35 37 36 41 14 12 31 27 30 43 34 39 38 26 25 33 122 28 29 32 80 79 77 18 21 17 22 4 20 108 15 106 6 24 23 19 72 8 9 11 114 105 7 120 10 115 13 50 121 56 5 52 124 55 66 113 64 58 100 3 90 116 60 61 91 62 59 67 73 74 68 71 70 69 75 76 78 117 84 81 126 82 83 101 102 63 119 96 109 88 87 86 85 110 104 125 89 92 99 65 47 49 53 48 118 46 94 112 111 107 127 93 95 123 98 97 42 40 
Odleglosc: 124702

ZAPISANE ITERACJE: 
Iteracja[2000]:
Obecna Iteracja 
35 44 54 57 51 50 13 16 1 2 36 37 41 14 12 27 31 30 34 43 39 38 122 33 28 32 29 25 26 80 79 77 18 21 17 20 15 106 24 4 72 19 22 23 108 6 9 11 114 105 7 120 10 3 115 5 52 124 118 48 53 49 47 121 56 64 100 58 91 60 116 59 62 61 90 8 74 67 73 68 71 70 69 75 76 78 117 84 81 126 82 83 101 102 63 119 96 109 88 87 85 86 110 104 125 89 92 99 65 113 66 55 46 94 112 111 107 127 93 45 103 95 123 97 98 42 40 
Odleglosc: 136585
Najlepsza Iteracja 
16 1 2 51 57 54 45 103 44 35 37 36 41 14 12 31 27 30 43 34 39 38 26 25 33 122 28 29 32 80 79 77 18 21 17 22 4 20 108 15 106 6 24 23 19 72 8 9 11 114 105 7 120 10 115 13 50 121 56 5 52 124 55 66 113 64 58 100 3 90 116 60 61 91 62 59 67 73 74 68 71 70 69 75 76 78 117 84 81 126 82 83 101 102 63 119 96 109 88 87 86 85 110 104 125 89 92 99 65 47 49 53 48 118 46 94 112 111 107 127 93 95 123 98 97 42 40 
Odleglosc: 124702

ZAPISANE ITERACJE: 
Iteracja[3000]:
Obecna Iteracja 
35 44 54 5 56 121 57 51 2 16 37 36 41 14 12 27 31 30 34 43 39 38 29 32 28 122 33 25 26 80 79 77 74 73 67 8 23 21 4 108 20 17 19 11 9 24 106 15 6 105 114 7 1 120 115 10 13 50 52 124 47 53 49 118 48 100 58 64 91 62 116 59 61 60 90 3 22 72 18 68 71 70 69 75 76 78 117 84 81 126 82 83 101 102 63 119 96 109 87 88 86 85 110 104 125 89 92 99 65 113 66 55 46 94 112 111 107 127 93 45 103 95 123 98 97 42 40 
Odleglosc: 136912
Najlepsza Iteracja 
16 1 2 51 57 54 45 103 44 35 37 36 41 14 12 31 27 30 43 34 39 38 26 25 33 122 28 29 32 80 79 77 18 21 17 22 4 20 108 15 106 6 24 23 19 72 8 9 11 114 105 7 120 10 115 13 50 121 56 5 52 124 55 66 113 64 58 100 3 90 116 60 61 91 62 59 67 73 74 68 71 70 69 75 76 78 117 84 81 126 82 83 101 102 63 119 96 109 88 87 86 85 110 104 125 89 92 99 65 47 49 53 48 118 46 94 112 111 107 127 93 95 123 98 97 42 40 
Odleglosc: 124702

ZAPISANE ITERACJE: 
Iteracja[4000]:
Obecna Iteracja 
51 2 35 44 45 40 43 36 41 37 16 7 1 14 12 31 27 30 34 42 39 26 38 33 122 28 32 29 25 80 79 77 18 20 15 108 106 6 8 72 19 22 23 24 4 21 17 9 11 13 50 5 56 47 53 118 46 48 124 52 115 120 105 114 3 10 100 58 64 91 90 116 61 60 62 59 67 73 74 68 71 70 69 75 76 78 117 84 81 126 82 83 101 102 63 119 96 109 87 88 86 85 110 104 125 89 92 99 65 113 66 55 49 94 112 111 107 93 127 98 97 123 95 103 54 57 121 
Odleglosc: 134158
Najlepsza Iteracja 
16 1 2 51 57 54 45 103 44 35 37 36 41 14 12 31 27 30 43 34 39 38 26 25 33 122 28 29 32 80 79 77 18 21 17 22 4 20 108 15 106 6 24 23 19 72 8 9 11 114 105 7 120 10 115 13 50 121 56 5 52 124 55 66 113 64 58 100 3 90 116 60 61 91 62 59 67 73 74 68 71 70 69 75 76 78 117 84 81 126 82 83 101 102 63 119 96 109 88 87 86 85 110 104 125 89 92 99 65 47 49 53 48 118 46 94 112 111 107 127 93 95 123 98 97 42 40 
Odleglosc: 124702

ZAPISANE ITERACJE: 
Iteracja[5000]:
Obecna Iteracja 
66 55 56 121 51 2 16 35 37 36 40 43 30 41 14 12 31 27 38 39 42 34 28 122 32 29 33 25 26 80 79 77 18 72 8 24 22 19 21 17 23 4 108 15 6 106 105 20 114 120 7 1 5 52 47 49 53 118 48 54 57 50 115 13 10 3 100 64 58 61 90 116 59 62 60 91 9 11 67 74 73 68 69 75 76 78 117 84 81 126 82 83 101 102 63 119 96 109 70 71 110 87 88 86 85 104 99 92 89 125 113 65 46 94 112 111 107 93 127 98 97 123 95 45 103 44 124 
Odleglosc: 140763
Najlepsza Iteracja 
16 1 2 51 57 54 45 103 44 35 37 36 41 14 12 31 27 30 43 34 39 38 26 25 33 122 28 29 32 80 79 77 18 21 17 22 4 20 108 15 106 6 24 23 19 72 8 9 11 114 105 7 120 10 115 13 50 121 56 5 52 124 55 66 113 64 58 100 3 90 116 60 61 91 62 59 67 73 74 68 71 70 69 75 76 78 117 84 81 126 82 83 101 102 63 119 96 109 88 87 86 85 110 104 125 89 92 99 65 47 49 53 48 118 46 94 112 111 107 127 93 95 123 98 97 42 40 
Odleglosc: 124702

L. iteracji | Czas Tabo | Czas dywersyfikacji | L. zmian w dywersyfikacji | Mno¿nik kary Tabo | Precision | Shuffle try
7000:180:100:10:1.01:10:50
124702:124702
16 1 2 51 57 54 45 103 44 35 37 36 41 14 12 31 27 30 43 34 39 38 26 25 33 122 28 29 32 80 79 77 18 21 17 22 4 20 108 15 106 6 24 23 19 72 8 9 11 114 105 7 120 10 115 13 50 121 56 5 52 124 55 66 113 64 58 100 3 90 116 60 61 91 62 59 67 73 74 68 71 70 69 75 76 78 117 84 81 126 82 83 101 102 63 119 96 109 88 87 86 85 110 104 125 89 92 99 65 47 49 53 48 118 46 94 112 111 107 127 93 95 123 98 97 42 40 



