ZAPISANE ITERACJE: 
Iteracja[5]:
1 36 23 47 16 37 58 50 10 52 60 12 21 34 33 54 62 48 67 56 65 64 11 51 5 53 66 63 22 59 38 69 31 13 29 70 35 57 15 24 2 7 32 3 8 28 26 49 55 19 4 18 42 6 41 43 17 9 40 61 39 45 25 46 27 68 44 30 20 14 
ZAPISANE ITERACJE: 
Iteracja[10]:
1 36 23 47 16 37 58 50 10 52 60 12 21 34 33 54 62 48 67 56 11 64 65 51 5 53 66 63 22 59 38 69 31 13 29 70 35 57 15 24 2 7 32 3 8 28 26 49 55 19 4 18 42 6 41 43 17 9 40 61 39 45 25 46 27 68 44 30 20 14 
ZAPISANE ITERACJE: 
Iteracja[20]:
23 36 1 47 16 37 58 50 10 52 60 12 21 34 33 54 62 48 67 56 11 64 65 51 5 53 66 63 22 59 38 69 31 13 29 70 35 57 15 24 2 7 32 3 8 28 26 49 55 19 4 18 42 6 41 43 17 9 40 61 39 45 25 46 27 68 44 30 20 14 
ZAPISANE ITERACJE: 
Iteracja[5]:
1 36 23 47 16 37 58 50 10 52 60 12 21 34 33 54 62 48 67 56 65 64 11 51 5 53 66 63 22 59 38 69 31 13 29 70 35 57 15 24 2 7 32 3 8 28 26 49 55 19 4 18 42 6 41 43 17 9 40 61 39 45 25 46 27 68 44 30 20 14 
L. iteracji | Czas Tabo | Czas dywersyfikacji | L. zmian w dywersyfikacji | Mno¿nik kary Tabo
5000:20:10:10:1.01
761.028:761.028
23 36 1 16 47 37 58 50 10 52 60 12 21 34 33 62 54 48 67 11 64 65 56 51 5 53 66 63 22 59 38 13 29 70 31 69 35 57 15 24 2 7 19 55 49 26 8 28 3 32 4 18 42 6 41 43 17 9 40 61 39 45 25 46 27 68 44 30 20 14 
ZAPISANE ITERACJE: 
Iteracja[5]:
1 36 23 47 16 37 58 50 10 52 60 12 21 34 33 54 62 48 67 56 65 64 11 51 5 53 66 63 22 59 38 69 31 13 29 70 35 57 15 24 2 7 32 3 8 28 26 49 55 19 4 18 42 6 41 43 17 9 40 61 39 45 25 46 27 68 44 30 20 14 
L. iteracji | Czas Tabo | Czas dywersyfikacji | L. zmian w dywersyfikacji | Mno¿nik kary Tabo
5000:20:10:20:1.005
764.519:764.519
23 36 1 16 47 37 58 50 10 52 60 12 21 34 33 62 54 48 67 11 64 65 56 51 5 53 66 63 22 59 38 69 31 13 29 70 35 57 15 24 19 7 32 3 8 28 49 55 26 2 4 18 42 6 41 43 17 9 40 61 39 25 45 46 27 68 44 30 20 14 
ZAPISANE ITERACJE: 
Iteracja[5]:
1 36 23 47 16 37 58 50 10 52 60 12 21 34 33 54 62 48 67 56 65 64 11 51 5 53 66 63 22 59 38 69 31 13 29 70 35 57 15 24 2 7 32 3 8 28 26 49 55 19 4 18 42 6 41 43 17 9 40 61 39 45 25 46 27 68 44 30 20 14 
L. iteracji | Czas Tabo | Czas dywersyfikacji | L. zmian w dywersyfikacji | Mno¿nik kary Tabo
5000:40:10:20:1.01
744.622:744.622
53 66 63 59 22 38 23 5 10 52 60 12 21 34 33 54 62 67 48 11 64 65 56 51 50 37 58 47 16 1 36 29 13 70 31 69 35 57 15 24 19 7 2 4 18 42 41 32 3 8 26 55 49 28 14 20 30 27 46 25 45 39 61 40 9 68 44 43 17 6 
ZAPISANE ITERACJE: 
Iteracja[5]:
1 36 23 47 16 37 58 50 10 52 60 12 21 34 33 54 62 48 67 56 65 64 11 51 5 53 66 63 22 59 38 69 31 13 29 70 35 57 15 24 2 7 32 3 8 28 26 49 55 19 4 18 42 6 41 43 17 9 40 61 39 45 25 46 27 68 44 30 20 14 
L. iteracji | Czas Tabo | Czas dywersyfikacji | L. zmian w dywersyfikacji | Mno¿nik kary Tabo
5000:60:10:20:1.05
752.238:752.238
21 34 12 60 52 50 51 56 65 64 11 48 67 54 62 33 10 5 53 37 58 16 47 1 36 23 38 31 69 13 29 70 35 59 63 22 66 57 15 24 18 4 2 7 19 26 49 55 28 8 32 3 42 6 41 17 9 40 61 39 45 25 46 27 30 20 14 44 68 43 
ZAPISANE ITERACJE: 
Iteracja[5]:
1 36 23 47 16 37 58 50 10 52 60 12 21 34 33 54 62 48 67 56 65 64 11 51 5 53 66 63 22 59 38 69 31 13 29 70 35 57 15 24 2 7 32 3 8 28 26 49 55 19 4 18 42 6 41 43 17 9 40 61 39 45 25 46 27 68 44 30 20 14 
L. iteracji | Czas Tabo | Czas dywersyfikacji | L. zmian w dywersyfikacji | Mno¿nik kary Tabo
5000:40:10:30:1.05
748.206:748.206
53 66 63 22 59 38 23 5 10 52 60 12 34 21 33 62 54 67 48 11 64 65 56 51 50 37 58 47 16 1 36 29 70 13 31 69 35 57 24 15 19 26 49 55 28 8 3 32 7 2 4 18 42 41 43 17 9 61 40 39 45 25 46 27 68 44 30 20 14 6 
ZAPISANE ITERACJE: 
Iteracja[5]:
1 36 23 47 16 37 58 50 10 52 60 12 21 34 33 54 62 48 67 56 65 64 11 51 5 53 66 63 22 59 38 69 31 13 29 70 35 57 15 24 2 7 32 3 8 28 26 49 55 19 4 18 42 6 41 43 17 9 40 61 39 45 25 46 27 68 44 30 20 14 
L. iteracji | Czas Tabo | Czas dywersyfikacji | L. zmian w dywersyfikacji | Mno¿nik kary Tabo
5000:40:5:10:1.05
748.206:748.206
53 66 63 22 59 38 23 5 10 52 60 12 34 21 33 62 54 67 48 11 64 65 56 51 50 37 58 47 16 1 36 29 70 13 31 69 35 57 24 15 19 26 49 55 28 8 3 32 7 2 4 18 42 41 43 17 9 61 40 39 45 25 46 27 68 44 30 20 14 6 
ZAPISANE ITERACJE: 
Iteracja[5]:
Obecna Iteracja 
23 36 1 16 47 37 58 50 10 52 60 12 21 34 33 62 54 48 67 56 11 64 65 51 5 53 66 63 22 59 38 69 31 13 29 70 35 57 15 24 2 7 32 3 28 8 26 49 55 19 4 18 42 6 41 43 17 9 40 61 39 45 25 46 27 68 44 30 20 14 
Odleglosc: 768.378
Najlepsza Iteracja 
23 36 1 16 47 37 58 50 10 52 60 12 21 34 33 62 54 48 67 56 11 64 65 51 5 53 66 63 22 59 38 69 31 13 29 70 35 57 15 24 2 7 32 3 28 8 26 49 55 19 4 18 42 6 41 43 17 9 40 61 39 45 25 46 27 68 44 30 20 14 
Odleglosc: 768.378

ZAPISANE ITERACJE: 
Iteracja[10]:
Obecna Iteracja 
23 1 36 16 47 58 37 50 10 52 60 12 34 21 33 62 54 48 67 56 11 64 65 51 5 53 66 22 63 59 38 69 31 13 29 70 35 57 15 24 2 7 32 3 28 8 26 49 55 19 4 18 42 6 41 43 17 9 40 61 39 25 45 46 27 68 44 30 20 14 
Odleglosc: 772.748
Najlepsza Iteracja 
23 36 1 16 47 37 58 50 10 52 60 12 21 34 33 62 54 48 67 56 11 64 65 51 5 53 66 63 22 59 38 69 31 13 29 70 35 57 15 24 2 7 32 3 28 8 26 49 55 19 4 18 42 6 41 43 17 9 40 61 39 25 45 46 27 68 44 30 20 14 
Odleglosc: 768.377

ZAPISANE ITERACJE: 
Iteracja[20]:
Obecna Iteracja 
23 1 36 16 47 58 37 50 10 52 60 12 34 21 33 62 54 48 67 56 11 64 65 51 5 53 66 22 63 59 38 29 13 69 31 70 35 57 15 24 19 7 32 3 28 8 49 55 26 2 4 18 42 6 41 43 17 9 40 61 39 25 45 46 27 68 44 30 20 14 
Odleglosc: 778.299
Najlepsza Iteracja 
23 36 1 16 47 37 58 50 10 52 60 12 21 34 33 62 54 48 67 56 11 64 65 51 5 53 66 63 22 59 38 69 31 13 29 70 35 57 15 24 2 7 32 3 28 8 26 49 55 19 4 18 42 6 41 43 17 9 40 61 39 25 45 46 27 68 44 30 20 14 
Odleglosc: 768.377

ZAPISANE ITERACJE: 
Iteracja[50]:
Obecna Iteracja 
47 16 23 36 1 58 37 50 10 52 60 34 21 12 33 62 54 67 48 11 56 65 64 51 5 53 66 22 63 59 38 31 70 13 29 69 35 57 24 15 19 7 32 3 28 8 49 55 26 2 4 18 42 6 41 17 43 27 46 25 45 39 40 61 9 68 44 30 20 14 
Odleglosc: 815.21
Najlepsza Iteracja 
23 36 1 16 47 37 58 50 10 52 60 12 21 34 33 62 54 48 67 56 11 64 65 51 5 53 66 63 22 59 38 69 31 13 29 70 35 57 15 24 2 7 32 3 28 8 26 49 55 19 4 18 42 6 41 43 17 9 40 61 39 25 45 46 27 68 44 30 20 14 
Odleglosc: 768.377

ZAPISANE ITERACJE: 
Iteracja[100]:
Obecna Iteracja 
66 23 1 36 47 16 37 58 50 10 52 34 21 12 33 62 54 67 48 11 64 65 56 51 60 5 53 22 59 69 31 35 70 13 29 38 63 57 15 24 19 7 32 3 8 28 49 55 26 2 4 18 42 41 6 17 43 27 46 25 45 39 40 61 9 68 44 30 20 14 
Odleglosc: 818.548
Najlepsza Iteracja 
23 36 1 16 47 37 58 50 10 52 60 12 21 34 33 62 54 48 67 56 11 64 65 51 5 53 66 63 22 59 38 69 31 13 29 70 35 57 15 24 2 7 32 3 28 8 26 49 55 19 4 18 42 6 41 43 17 9 40 61 39 25 45 46 27 68 44 30 20 14 
Odleglosc: 768.377

ZAPISANE ITERACJE: 
Iteracja[500]:
Obecna Iteracja 
32 18 4 5 50 58 37 47 66 22 53 10 52 60 33 54 62 67 48 11 56 51 65 64 16 1 23 36 13 29 70 35 69 31 38 59 63 57 15 24 7 2 19 49 55 26 28 8 3 42 6 41 43 17 21 12 34 9 40 39 25 45 61 27 46 44 68 30 20 14 
Odleglosc: 836.76
Najlepsza Iteracja 
23 36 1 16 47 37 58 50 10 52 60 12 21 34 33 62 54 48 67 56 11 64 65 51 5 53 66 63 22 59 38 69 31 13 29 70 35 57 15 24 2 7 32 3 28 8 26 49 55 19 4 18 42 6 41 43 17 9 40 61 39 25 45 46 27 68 44 30 20 14 
Odleglosc: 768.377

ZAPISANE ITERACJE: 
Iteracja[1000]:
Obecna Iteracja 
41 42 18 66 22 38 23 37 50 10 53 5 52 60 12 33 54 56 65 64 11 67 48 51 58 47 16 1 36 31 13 29 70 35 69 59 63 24 15 57 4 2 7 19 49 55 26 28 8 32 3 6 43 17 21 34 62 25 45 39 40 61 9 27 46 68 44 14 20 30 
Odleglosc: 859.683
Najlepsza Iteracja 
23 36 1 16 47 37 58 50 10 52 60 12 21 34 33 62 54 48 67 56 11 64 65 51 5 53 66 63 22 59 38 69 31 13 29 70 35 57 15 24 2 7 32 3 28 8 26 49 55 19 4 18 42 6 41 43 17 9 40 61 39 25 45 46 27 68 44 30 20 14 
Odleglosc: 768.377

ZAPISANE ITERACJE: 
Iteracja[2000]:
Obecna Iteracja 
3 32 18 53 5 23 29 36 1 16 47 10 52 60 33 62 54 67 48 11 64 65 56 51 50 58 37 13 70 69 35 31 38 59 63 66 22 57 24 15 19 8 28 55 49 26 7 2 4 42 6 41 43 17 12 21 34 39 25 45 27 46 40 61 9 68 44 30 20 14 
Odleglosc: 819.331
Najlepsza Iteracja 
23 36 1 16 47 37 58 50 10 52 60 12 21 34 33 62 54 48 67 56 11 64 65 51 5 53 66 63 22 59 38 69 31 13 29 70 35 57 15 24 2 7 32 3 28 8 26 49 55 19 4 18 42 6 41 43 17 9 40 61 39 25 45 46 27 68 44 30 20 14 
Odleglosc: 768.377

ZAPISANE ITERACJE: 
Iteracja[3000]:
Obecna Iteracja 
28 3 7 2 57 66 22 59 63 53 5 10 52 60 33 54 62 67 48 11 56 65 64 51 50 37 58 47 16 36 1 23 38 13 29 70 31 69 35 24 15 19 49 55 26 8 32 42 18 4 6 41 12 34 21 27 46 45 25 39 61 40 9 17 43 68 44 30 20 14 
Odleglosc: 793.417
Najlepsza Iteracja 
3 7 2 66 22 38 31 69 23 53 5 10 52 60 33 54 62 48 67 56 11 64 65 51 50 58 37 47 16 1 36 29 13 70 35 59 63 57 24 15 19 49 55 26 28 8 32 42 18 4 6 41 43 17 12 34 21 9 61 40 39 25 45 46 27 68 44 30 20 14 
Odleglosc: 767.512

ZAPISANE ITERACJE: 
Iteracja[4000]:
Obecna Iteracja 
8 32 7 2 57 24 15 35 70 29 13 5 10 52 60 51 65 56 67 48 11 64 50 37 58 47 16 1 36 23 38 69 31 59 22 63 66 53 43 68 44 3 26 55 49 19 4 18 42 6 41 17 9 40 45 25 39 61 62 54 33 12 21 34 46 27 30 20 14 28 
Odleglosc: 845.005
Najlepsza Iteracja 
3 7 2 66 22 38 31 69 23 53 5 10 52 60 33 54 62 48 67 56 11 64 65 51 50 58 37 47 16 1 36 29 13 70 35 59 63 57 24 15 19 49 55 26 28 8 32 42 18 4 6 41 43 17 12 34 21 9 61 40 39 25 45 46 27 68 44 30 20 14 
Odleglosc: 767.512

ZAPISANE ITERACJE: 
Iteracja[5000]:
Obecna Iteracja 
7 2 24 15 57 22 63 66 53 10 5 50 52 60 54 48 67 56 65 64 11 51 58 37 47 16 1 36 23 38 59 69 31 70 29 13 35 19 26 8 28 14 30 20 49 55 3 68 44 43 9 40 61 46 27 25 45 39 62 33 12 21 34 17 41 6 4 18 42 32 
Odleglosc: 850.22
Najlepsza Iteracja 
3 7 2 66 22 38 31 69 23 53 5 10 52 60 33 54 62 48 67 56 11 64 65 51 50 58 37 47 16 1 36 29 13 70 35 59 63 57 24 15 19 49 55 26 28 8 32 42 18 4 6 41 43 17 12 34 21 9 61 40 39 25 45 46 27 68 44 30 20 14 
Odleglosc: 767.512

ZAPISANE ITERACJE: 
Iteracja[6000]:
Obecna Iteracja 
18 4 2 15 24 57 63 35 70 31 69 59 53 52 10 51 56 67 48 11 65 64 50 5 58 37 47 16 1 36 29 13 23 38 22 66 19 7 32 26 55 49 8 28 3 14 20 30 68 44 9 27 46 39 25 45 40 61 62 54 33 60 12 21 34 17 43 41 6 42 
Odleglosc: 808.032
Najlepsza Iteracja 
18 4 2 24 15 57 38 59 22 63 66 53 5 10 52 51 65 64 11 48 67 56 50 58 37 47 23 16 1 36 29 13 31 69 70 35 19 7 32 3 8 26 49 55 28 14 20 30 44 68 9 27 46 25 45 39 40 61 62 54 33 60 12 21 34 17 43 41 6 42 
Odleglosc: 751.454

ZAPISANE ITERACJE: 
Iteracja[7000]:
Obecna Iteracja 
18 42 3 32 7 2 4 53 66 22 63 59 38 37 58 52 10 5 50 51 48 67 11 56 65 64 36 1 16 47 23 31 70 29 13 69 35 57 24 15 19 26 55 49 28 8 14 20 30 68 44 46 27 40 61 39 45 25 62 54 33 60 12 34 21 9 17 43 41 6 
Odleglosc: 824.081
Najlepsza Iteracja 
18 4 2 24 15 57 38 59 22 63 66 53 5 10 52 51 65 64 11 48 67 56 50 58 37 47 23 16 1 36 29 13 31 69 70 35 19 7 32 3 8 26 49 55 28 14 20 30 44 68 9 27 46 25 45 39 40 61 62 54 33 60 12 21 34 17 43 41 6 42 
Odleglosc: 751.454

L. iteracji | Czas Tabo | Czas dywersyfikacji | L. zmian w dywersyfikacji | Mno¿nik kary Tabo | Precision | Shuffle try
14000:90:100:10:1.01:30:250
751.454:751.454
18 4 2 24 15 57 38 59 22 63 66 53 5 10 52 51 65 64 11 48 67 56 50 58 37 47 23 16 1 36 29 13 31 69 70 35 19 7 32 3 8 26 49 55 28 14 20 30 44 68 9 27 46 25 45 39 40 61 62 54 33 60 12 21 34 17 43 41 6 42 



