ZAPISANE ITERACJE: 
Iteracja[5]:
1 73 62 28 74 30 2 68 75 76 67 34 46 8 35 7 53 14 19 54 13 27 52 45 29 48 47 21 36 71 60 70 20 37 5 15 57 4 26 12 40 17 51 6 33 63 16 3 44 32 9 39 72 58 10 38 65 11 66 59 31 25 50 18 55 49 23 56 41 42 43 22 61 69 64 24 
L. iteracji | Czas Tabo | Czas dywersyfikacji | L. zmian w dywersyfikacji | Mno¿nik kary Tabo
1000:20:10:10:1.005
596.843:596.843
1 73 62 74 48 30 2 68 75 76 4 34 46 8 7 35 53 14 19 54 13 27 45 29 5 47 21 69 36 71 60 70 20 37 15 57 52 67 26 12 40 17 51 6 33 63 16 3 44 32 9 39 72 58 10 38 11 59 66 65 31 55 25 50 18 24 49 23 56 41 64 61 28 22 42 43 
ZAPISANE ITERACJE: 
Iteracja[5]:
1 73 62 28 74 30 2 68 75 76 67 34 46 8 35 7 53 14 19 54 13 27 52 45 29 48 47 21 36 71 60 70 20 37 5 15 57 4 26 12 40 17 51 6 33 63 16 3 44 32 9 39 72 58 10 38 65 11 66 59 31 25 50 18 55 49 23 56 41 42 43 22 61 69 64 24 
L. iteracji | Czas Tabo | Czas dywersyfikacji | L. zmian w dywersyfikacji | Mno¿nik kary Tabo
3000:20:10:10:1.005
596.843:596.843
1 73 62 74 48 30 2 68 75 76 4 34 46 8 7 35 53 14 19 54 13 27 45 29 5 47 21 69 36 71 60 70 20 37 15 57 52 67 26 12 40 17 51 6 33 63 16 3 44 32 9 39 72 58 10 38 11 59 66 65 31 55 25 50 18 24 49 23 56 41 64 61 28 22 42 43 
