ZAPISANE ITERACJE: 
Iteracja[5]:
1 130 92 8 42 122 80 31 89 133 138 148 142 105 67 108 58 28 93 131 47 109 91 98 23 45 32 11 15 17 141 59 74 21 72 113 10 84 36 38 24 18 137 79 106 90 49 6 63 75 19 53 134 88 16 22 94 70 66 65 4 97 143 56 139 119 118 124 26 129 104 102 111 99 127 60 62 150 86 27 12 20 57 7 9 117 83 55 149 34 135 140 145 87 125 51 61 25 81 69 73 50 44 114 144 64 40 54 2 116 82 126 95 13 33 146 103 76 37 5 78 52 96 39 101 121 30 107 112 132 29 46 3 136 43 123 115 120 128 41 71 100 48 14 147 68 85 35 77 110 
L. iteracji | Czas Tabo | Czas dywersyfikacji | L. zmian w dywersyfikacji | Mno¿nik kary Tabo
1000:40:5:20:1.05
31563.5:31563.5
1 130 92 8 42 122 80 31 89 138 133 148 142 105 67 108 58 28 93 131 47 109 91 98 23 45 32 11 15 17 141 59 74 21 72 113 10 84 36 38 24 18 137 79 106 90 49 6 63 75 19 53 134 88 16 94 22 70 66 65 4 97 139 56 143 119 118 124 26 129 104 111 102 99 127 60 62 150 35 86 27 12 20 7 9 117 149 55 83 34 135 140 145 87 125 51 61 25 81 69 73 50 44 114 144 64 40 54 2 116 82 126 95 13 76 33 146 103 147 37 5 52 78 96 39 101 121 30 112 132 29 46 3 43 123 120 115 128 136 41 71 100 14 48 107 85 68 57 77 110 
ZAPISANE ITERACJE: 
Iteracja[5]:
1 130 92 8 42 122 80 31 89 133 138 148 142 105 67 108 58 28 93 131 47 109 91 98 23 45 32 11 15 17 141 59 74 21 72 113 10 84 36 38 24 18 137 79 106 90 49 6 63 75 19 53 134 88 16 22 94 70 66 65 4 97 143 56 139 119 118 124 26 129 104 102 111 99 127 60 62 150 86 27 12 20 57 7 9 117 83 55 149 34 135 140 145 87 125 51 61 25 81 69 73 50 44 114 144 64 40 54 2 116 82 126 95 13 33 146 103 76 37 5 78 52 96 39 101 121 30 107 112 132 29 46 3 136 43 123 115 120 128 41 71 100 48 14 147 68 85 35 77 110 
L. iteracji | Czas Tabo | Czas dywersyfikacji | L. zmian w dywersyfikacji | Mno¿nik kary Tabo
1000:50:5:20:1.005
31709.4:31709.4
1 130 92 8 42 122 80 31 89 138 133 148 142 105 67 108 58 28 93 131 47 109 91 98 23 45 32 11 15 17 141 59 74 21 72 113 10 84 36 38 24 18 137 79 106 90 49 6 63 75 19 53 134 88 16 94 22 70 66 65 4 97 139 56 143 119 118 124 26 129 104 111 102 99 127 60 62 150 35 86 27 12 20 7 9 117 149 55 83 34 135 140 145 87 125 51 61 25 81 69 73 50 44 114 144 64 40 54 2 116 82 126 95 13 76 33 146 103 37 5 52 78 96 147 39 101 121 30 112 132 29 46 3 136 43 123 115 120 128 41 71 100 14 48 107 85 68 57 77 110 
ZAPISANE ITERACJE: 
Iteracja[5]:
1 130 92 8 42 122 80 31 89 133 138 148 142 105 67 108 58 28 93 131 47 109 91 98 23 45 32 11 15 17 141 59 74 21 72 113 10 84 36 38 24 18 137 79 106 90 49 6 63 75 19 53 134 88 16 22 94 70 66 65 4 97 143 56 139 119 118 124 26 129 104 102 111 99 127 60 62 150 86 27 12 20 57 7 9 117 83 55 149 34 135 140 145 87 125 51 61 25 81 69 73 50 44 114 144 64 40 54 2 116 82 126 95 13 33 146 103 76 37 5 78 52 96 39 101 121 30 107 112 132 29 46 3 136 43 123 115 120 128 41 71 100 48 14 147 68 85 35 77 110 
L. iteracji | Czas Tabo | Czas dywersyfikacji | L. zmian w dywersyfikacji | Mno¿nik kary Tabo
1000:50:8:25:1.001
31709.4:31709.4
1 130 92 8 42 122 80 31 89 138 133 148 142 105 67 108 58 28 93 131 47 109 91 98 23 45 32 11 15 17 141 59 74 21 72 113 10 84 36 38 24 18 137 79 106 90 49 6 63 75 19 53 134 88 16 94 22 70 66 65 4 97 139 56 143 119 118 124 26 129 104 111 102 99 127 60 62 150 35 86 27 12 20 7 9 117 149 55 83 34 135 140 145 87 125 51 61 25 81 69 73 50 44 114 144 64 40 54 2 116 82 126 95 13 76 33 146 103 37 5 52 78 96 147 39 101 121 30 112 132 29 46 3 136 43 123 115 120 128 41 71 100 14 48 107 85 68 57 77 110 
ZAPISANE ITERACJE: 
Iteracja[5]:
1 130 92 8 42 122 80 31 89 133 138 148 142 105 67 108 58 28 93 131 47 109 91 98 23 45 32 11 15 17 141 59 74 21 72 113 10 84 36 38 24 18 137 79 106 90 49 6 63 75 19 53 134 88 16 22 94 70 66 65 4 97 143 56 139 119 118 124 26 129 104 102 111 99 127 60 62 150 86 27 12 20 57 7 9 117 83 55 149 34 135 140 145 87 125 51 61 25 81 69 73 50 44 114 144 64 40 54 2 116 82 126 95 13 33 146 103 76 37 5 78 52 96 39 101 121 30 107 112 132 29 46 3 136 43 123 115 120 128 41 71 100 48 14 147 68 85 35 77 110 
L. iteracji | Czas Tabo | Czas dywersyfikacji | L. zmian w dywersyfikacji | Mno¿nik kary Tabo
1000:50:5:25:1.01
31709.4:31709.4
1 130 92 8 42 122 80 31 89 138 133 148 142 105 67 108 58 28 93 131 47 109 91 98 23 45 32 11 15 17 141 59 74 21 72 113 10 84 36 38 24 18 137 79 106 90 49 6 63 75 19 53 134 88 16 94 22 70 66 65 4 97 139 56 143 119 118 124 26 129 104 111 102 99 127 60 62 150 35 86 27 12 20 7 9 117 149 55 83 34 135 140 145 87 125 51 61 25 81 69 73 50 44 114 144 64 40 54 2 116 82 126 95 13 76 33 146 103 37 5 52 78 96 147 39 101 121 30 112 132 29 46 3 136 43 123 115 120 128 41 71 100 14 48 107 85 68 57 77 110 
ZAPISANE ITERACJE: 
Iteracja[5]:
1 130 92 8 42 122 80 31 89 133 138 148 142 105 67 108 58 28 93 131 47 109 91 98 23 45 32 11 15 17 141 59 74 21 72 113 10 84 36 38 24 18 137 79 106 90 49 6 63 75 19 53 134 88 16 22 94 70 66 65 4 97 143 56 139 119 118 124 26 129 104 102 111 99 127 60 62 150 86 27 12 20 57 7 9 117 83 55 149 34 135 140 145 87 125 51 61 25 81 69 73 50 44 114 144 64 40 54 2 116 82 126 95 13 33 146 103 76 37 5 78 52 96 39 101 121 30 107 112 132 29 46 3 136 43 123 115 120 128 41 71 100 48 14 147 68 85 35 77 110 
L. iteracji | Czas Tabo | Czas dywersyfikacji | L. zmian w dywersyfikacji | Mno¿nik kary Tabo
2000:50:5:25:1.005
31709.4:31709.4
1 130 92 8 42 122 80 31 89 138 133 148 142 105 67 108 58 28 93 131 47 109 91 98 23 45 32 11 15 17 141 59 74 21 72 113 10 84 36 38 24 18 137 79 106 90 49 6 63 75 19 53 134 88 16 94 22 70 66 65 4 97 139 56 143 119 118 124 26 129 104 111 102 99 127 60 62 150 35 86 27 12 20 7 9 117 149 55 83 34 135 140 145 87 125 51 61 25 81 69 73 50 44 114 144 64 40 54 2 116 82 126 95 13 76 33 146 103 37 5 52 78 96 147 39 101 121 30 112 132 29 46 3 136 43 123 115 120 128 41 71 100 14 48 107 85 68 57 77 110 
ZAPISANE ITERACJE: 
Iteracja[5]:
1 130 92 8 42 122 80 31 89 133 138 148 142 105 67 108 58 28 93 131 47 109 91 98 23 45 32 11 15 17 141 59 74 21 72 113 10 84 36 38 24 18 137 79 106 90 49 6 63 75 19 53 134 88 16 22 94 70 66 65 4 97 143 56 139 119 118 124 26 129 104 102 111 99 127 60 62 150 86 27 12 20 57 7 9 117 83 55 149 34 135 140 145 87 125 51 61 25 81 69 73 50 44 114 144 64 40 54 2 116 82 126 95 13 33 146 103 76 37 5 78 52 96 39 101 121 30 107 112 132 29 46 3 136 43 123 115 120 128 41 71 100 48 14 147 68 85 35 77 110 
L. iteracji | Czas Tabo | Czas dywersyfikacji | L. zmian w dywersyfikacji | Mno¿nik kary Tabo
2000:40:5:20:1.005
31614.7:31614.7
1 130 92 8 42 122 80 31 89 138 133 148 142 105 67 108 58 28 93 131 47 109 91 98 23 45 32 11 15 17 141 59 74 21 72 113 10 84 36 38 24 18 137 79 106 90 63 6 49 75 19 53 134 88 16 94 22 70 66 65 4 97 139 56 143 119 118 124 26 129 104 111 102 99 127 60 62 150 35 27 86 20 12 7 9 117 149 55 83 34 135 140 145 87 125 51 61 25 81 69 73 50 44 114 144 64 40 54 2 116 82 126 95 13 76 33 146 103 147 37 5 78 52 96 39 101 121 30 112 132 29 46 3 43 123 115 120 128 136 41 71 100 14 48 107 85 68 57 77 110 
ZAPISANE ITERACJE: 
Iteracja[5]:
1 130 92 8 42 122 80 31 89 133 138 148 142 105 67 108 58 28 93 131 47 109 91 98 23 45 32 11 15 17 141 59 74 21 72 113 10 84 36 38 24 18 137 79 106 90 49 6 63 75 19 53 134 88 16 22 94 70 66 65 4 97 143 56 139 119 118 124 26 129 104 102 111 99 127 60 62 150 86 27 12 20 57 7 9 117 83 55 149 34 135 140 145 87 125 51 61 25 81 69 73 50 44 114 144 64 40 54 2 116 82 126 95 13 33 146 103 76 37 5 78 52 96 39 101 121 30 107 112 132 29 46 3 136 43 123 115 120 128 41 71 100 48 14 147 68 85 35 77 110 
L. iteracji | Czas Tabo | Czas dywersyfikacji | L. zmian w dywersyfikacji | Mno¿nik kary Tabo
3000:40:25:20:1.005
31613.3:31613.3
1 130 92 8 42 122 80 31 89 138 133 148 142 105 67 108 58 28 93 131 47 109 91 98 23 45 32 11 15 17 141 59 74 21 72 113 10 84 36 38 24 18 137 79 106 90 63 6 49 75 19 53 134 88 16 94 22 70 66 65 4 97 139 56 143 119 118 124 26 129 104 111 102 99 127 60 62 150 35 27 86 20 12 7 9 117 149 55 83 34 135 140 145 87 125 51 61 25 81 69 73 50 44 114 144 64 40 54 2 116 82 126 95 13 76 33 146 103 147 37 5 52 78 96 39 101 121 107 112 132 29 46 3 43 123 115 120 128 136 41 71 100 14 48 30 85 68 57 77 110 
ZAPISANE ITERACJE: 
Iteracja[5]:
1 130 92 8 42 122 80 31 89 133 138 148 142 105 67 108 58 28 93 131 47 109 91 98 23 45 32 11 15 17 141 59 74 21 72 113 10 84 36 38 24 18 137 79 106 90 49 6 63 75 19 53 134 88 16 22 94 70 66 65 4 97 143 56 139 119 118 124 26 129 104 102 111 99 127 60 62 150 86 27 12 20 57 7 9 117 83 55 149 34 135 140 145 87 125 51 61 25 81 69 73 50 44 114 144 64 40 54 2 116 82 126 95 13 33 146 103 76 37 5 78 52 96 39 101 121 30 107 112 132 29 46 3 136 43 123 115 120 128 41 71 100 48 14 147 68 85 35 77 110 
L. iteracji | Czas Tabo | Czas dywersyfikacji | L. zmian w dywersyfikacji | Mno¿nik kary Tabo
3000:40:25:10:1.005
31613.3:31613.3
1 130 92 8 42 122 80 31 89 138 133 148 142 105 67 108 58 28 93 131 47 109 91 98 23 45 32 11 15 17 141 59 74 21 72 113 10 84 36 38 24 18 137 79 106 90 63 6 49 75 19 53 134 88 16 94 22 70 66 65 4 97 139 56 143 119 118 124 26 129 104 111 102 99 127 60 62 150 35 27 86 20 12 7 9 117 149 55 83 34 135 140 145 87 125 51 61 25 81 69 73 50 44 114 144 64 40 54 2 116 82 126 95 13 76 33 146 103 147 37 5 52 78 96 39 101 121 107 112 132 29 46 3 43 123 115 120 128 136 41 71 100 14 48 30 85 68 57 77 110 
ZAPISANE ITERACJE: 
Iteracja[5]:
1 130 92 8 42 122 80 31 89 133 138 148 142 105 67 108 58 28 93 131 47 109 91 98 23 45 32 11 15 17 141 59 74 21 72 113 10 84 36 38 24 18 137 79 106 90 49 6 63 75 19 53 134 88 16 22 94 70 66 65 4 97 143 56 139 119 118 124 26 129 104 102 111 99 127 60 62 150 86 27 12 20 57 7 9 117 83 55 149 34 135 140 145 87 125 51 61 25 81 69 73 50 44 114 144 64 40 54 2 116 82 126 95 13 33 146 103 76 37 5 78 52 96 39 101 121 30 107 112 132 29 46 3 136 43 123 115 120 128 41 71 100 48 14 147 68 85 35 77 110 
L. iteracji | Czas Tabo | Czas dywersyfikacji | L. zmian w dywersyfikacji | Mno¿nik kary Tabo
3000:40:25:10:1.005
31613.3:31613.3
1 130 92 8 42 122 80 31 89 138 133 148 142 105 67 108 58 28 93 131 47 109 91 98 23 45 32 11 15 17 141 59 74 21 72 113 10 84 36 38 24 18 137 79 106 90 63 6 49 75 19 53 134 88 16 94 22 70 66 65 4 97 139 56 143 119 118 124 26 129 104 111 102 99 127 60 62 150 35 27 86 20 12 7 9 117 149 55 83 34 135 140 145 87 125 51 61 25 81 69 73 50 44 114 144 64 40 54 2 116 82 126 95 13 76 33 146 103 147 37 5 52 78 96 39 101 121 107 112 132 29 46 3 43 123 115 120 128 136 41 71 100 14 48 30 85 68 57 77 110 
ZAPISANE ITERACJE: 
Iteracja[5]:
Obecna Iteracja 
1 130 92 8 42 122 80 31 89 133 138 148 142 105 67 108 58 28 93 131 47 109 91 98 23 45 32 11 15 17 141 59 74 21 72 113 10 84 36 38 24 18 137 79 106 90 49 6 63 75 19 53 134 88 16 22 94 70 66 65 4 97 139 56 143 119 118 124 26 129 104 102 111 99 127 60 62 150 86 27 35 20 57 7 9 117 83 55 149 34 135 140 145 87 125 51 61 25 81 69 73 50 44 114 144 64 40 54 2 116 82 126 95 13 33 76 146 103 37 5 78 52 96 39 101 121 30 107 112 132 29 46 3 136 43 123 115 120 128 41 71 100 14 48 147 68 85 12 77 110 
Odleglosc: 32511.1
Najlepsza Iteracja 
1 130 92 8 42 122 80 31 89 133 138 148 142 105 67 108 58 28 93 131 47 109 91 98 23 45 32 11 15 17 141 59 74 21 72 113 10 84 36 38 24 18 137 79 106 90 49 6 63 75 19 53 134 88 16 22 94 70 66 65 4 97 139 56 143 119 118 124 26 129 104 102 111 99 127 60 62 150 86 27 35 20 57 7 9 117 83 55 149 34 135 140 145 87 125 51 61 25 81 69 73 50 44 114 144 64 40 54 2 116 82 126 95 13 33 76 146 103 37 5 78 52 96 39 101 121 30 107 112 132 29 46 3 136 43 123 115 120 128 41 71 100 14 48 147 68 85 12 77 110 
Odleglosc: 32511.1

ZAPISANE ITERACJE: 
Iteracja[10]:
Obecna Iteracja 
1 130 92 8 42 122 80 31 89 133 138 148 142 105 67 108 58 28 93 131 47 109 91 98 23 45 32 11 15 17 141 59 74 21 72 113 10 84 36 38 24 18 137 79 106 90 49 6 63 75 19 53 134 88 16 22 94 70 66 65 4 97 139 56 143 119 118 124 26 129 104 111 102 99 127 60 62 150 35 27 86 20 12 7 9 117 83 55 149 34 135 140 145 87 125 51 61 25 81 69 73 50 44 114 144 64 40 54 2 116 82 126 95 13 76 33 146 103 37 5 78 52 96 39 101 121 30 107 112 132 29 46 3 136 43 123 115 120 128 41 71 100 14 48 147 85 68 57 77 110 
Odleglosc: 32056.1
Najlepsza Iteracja 
1 130 92 8 42 122 80 31 89 133 138 148 142 105 67 108 58 28 93 131 47 109 91 98 23 45 32 11 15 17 141 59 74 21 72 113 10 84 36 38 24 18 137 79 106 90 49 6 63 75 19 53 134 88 16 22 94 70 66 65 4 97 139 56 143 119 118 124 26 129 104 111 102 99 127 60 62 150 35 27 86 20 12 7 9 117 83 55 149 34 135 140 145 87 125 51 61 25 81 69 73 50 44 114 144 64 40 54 2 116 82 126 95 13 76 33 146 103 37 5 78 52 96 39 101 121 30 107 112 132 29 46 3 136 43 123 115 120 128 41 71 100 14 48 147 85 68 57 77 110 
Odleglosc: 32056.1

ZAPISANE ITERACJE: 
Iteracja[20]:
Obecna Iteracja 
1 130 92 8 42 122 80 31 89 138 133 148 142 105 67 108 58 28 93 131 47 109 91 98 23 45 32 11 15 17 141 59 74 21 72 113 10 84 36 38 24 18 137 79 106 90 49 6 63 75 19 53 134 88 16 94 22 70 66 65 4 97 139 56 143 119 118 124 26 129 104 111 102 99 127 60 62 150 35 86 27 20 12 7 9 117 149 55 83 34 135 140 145 87 125 51 61 25 81 69 73 50 44 114 144 64 40 54 2 116 82 126 95 13 76 33 146 103 37 5 52 78 96 147 39 101 121 30 112 132 29 46 3 136 43 123 115 120 128 41 71 100 14 48 107 85 68 57 77 110 
Odleglosc: 31727.4
Najlepsza Iteracja 
1 130 92 8 42 122 80 31 89 138 133 148 142 105 67 108 58 28 93 131 47 109 91 98 23 45 32 11 15 17 141 59 74 21 72 113 10 84 36 38 24 18 137 79 106 90 49 6 63 75 19 53 134 88 16 94 22 70 66 65 4 97 139 56 143 119 118 124 26 129 104 111 102 99 127 60 62 150 35 86 27 20 12 7 9 117 149 55 83 34 135 140 145 87 125 51 61 25 81 69 73 50 44 114 144 64 40 54 2 116 82 126 95 13 76 33 146 103 37 5 52 78 96 147 39 101 121 30 112 132 29 46 3 136 43 123 115 120 128 41 71 100 14 48 107 85 68 57 77 110 
Odleglosc: 31727.4

ZAPISANE ITERACJE: 
Iteracja[50]:
Obecna Iteracja 
1 130 92 8 42 122 80 31 89 138 133 148 142 105 67 108 58 28 93 131 47 109 91 98 23 45 32 11 17 15 59 141 74 21 72 113 10 84 36 38 24 18 137 79 106 90 49 6 63 75 19 134 53 16 88 94 22 70 66 65 4 97 139 56 143 119 118 124 26 129 104 111 102 99 127 60 62 150 35 86 27 12 20 7 9 117 149 55 83 34 135 140 145 87 51 125 61 25 81 69 73 50 44 114 144 64 40 54 2 116 82 126 95 13 76 33 146 103 37 5 52 78 96 147 39 101 30 121 112 132 29 46 3 136 43 123 120 115 128 41 71 100 14 48 107 85 68 57 77 110 
Odleglosc: 31810.8
Najlepsza Iteracja 
1 130 92 8 42 122 80 31 89 138 133 148 142 105 67 108 58 28 93 131 47 109 91 98 23 45 32 11 15 17 141 59 74 21 72 113 10 84 36 38 24 18 137 79 106 90 49 6 63 75 19 53 134 88 16 94 22 70 66 65 4 97 139 56 143 119 118 124 26 129 104 111 102 99 127 60 62 150 35 86 27 12 20 7 9 117 149 55 83 34 135 140 145 87 125 51 61 25 81 69 73 50 44 114 144 64 40 54 2 116 82 126 95 13 76 33 146 103 37 5 52 78 96 147 39 101 121 30 112 132 29 46 3 136 43 123 115 120 128 41 71 100 14 48 107 85 68 57 77 110 
Odleglosc: 31709.4

ZAPISANE ITERACJE: 
Iteracja[100]:
Obecna Iteracja 
1 130 92 8 42 122 80 31 89 138 133 148 142 105 67 108 58 28 93 131 47 109 91 98 23 45 32 11 17 15 59 141 74 21 72 113 10 84 36 38 24 18 137 79 106 90 49 6 63 75 19 134 53 16 88 94 22 70 66 65 4 97 139 56 143 119 118 124 26 129 104 111 102 99 127 60 62 150 35 86 27 12 20 7 9 117 149 55 83 34 135 140 145 87 51 125 61 25 81 69 73 50 44 114 144 64 40 54 2 116 82 126 95 13 76 33 146 103 37 5 52 78 96 147 39 101 30 121 112 132 29 46 3 136 43 123 120 115 128 41 71 100 14 48 107 85 68 57 77 110 
Odleglosc: 31810.8
Najlepsza Iteracja 
1 130 92 8 42 122 80 31 89 138 133 148 142 105 67 108 58 28 93 131 47 109 91 98 23 45 32 11 15 17 141 59 74 21 72 113 10 84 36 38 24 18 137 79 106 90 49 6 63 75 19 53 134 88 16 94 22 70 66 65 4 97 139 56 143 119 118 124 26 129 104 111 102 99 127 60 62 150 35 86 27 12 20 7 9 117 149 55 83 34 135 140 145 87 125 51 61 25 81 69 73 50 44 114 144 64 40 54 2 116 82 126 95 13 76 33 146 103 37 5 52 78 96 147 39 101 121 30 112 132 29 46 3 136 43 123 115 120 128 41 71 100 14 48 107 85 68 57 77 110 
Odleglosc: 31709.4

ZAPISANE ITERACJE: 
Iteracja[500]:
Obecna Iteracja 
1 130 92 8 42 122 80 31 89 138 133 148 142 105 67 108 58 28 93 131 47 109 91 98 23 45 32 11 17 15 59 141 74 21 72 113 10 84 36 38 24 18 137 79 106 90 49 6 63 75 19 134 53 16 88 94 22 70 66 65 4 97 139 56 143 119 118 124 26 129 104 111 102 99 127 60 77 150 35 86 27 12 20 7 9 117 149 55 83 34 135 140 145 87 51 125 61 25 81 69 73 50 44 114 144 64 40 54 2 116 82 126 95 13 76 33 146 103 37 5 52 78 96 147 39 101 30 121 107 112 29 46 3 136 43 123 120 115 128 41 71 100 48 14 132 85 68 57 62 110 
Odleglosc: 32215.6
Najlepsza Iteracja 
1 130 92 8 42 122 80 31 89 138 133 148 142 105 67 108 58 28 93 131 47 109 91 98 23 45 32 11 15 17 141 59 74 21 72 113 10 84 36 38 24 18 137 79 106 90 49 6 63 75 19 53 134 88 16 94 22 70 66 65 4 97 139 56 143 119 118 124 26 129 104 111 102 99 127 60 62 150 35 86 27 12 20 7 9 117 149 55 83 34 135 140 145 87 125 51 61 25 81 69 73 50 44 114 144 64 40 54 2 116 82 126 95 13 76 33 146 103 37 5 52 78 96 147 39 101 121 30 112 132 29 46 3 136 43 123 115 120 128 41 71 100 14 48 107 85 68 57 77 110 
Odleglosc: 31709.4

ZAPISANE ITERACJE: 
Iteracja[1000]:
Obecna Iteracja 
1 130 92 8 42 122 80 31 89 133 138 148 142 67 105 108 58 28 93 131 47 109 91 98 23 45 32 11 15 17 141 59 74 21 72 113 10 84 36 38 24 18 137 79 106 90 49 6 63 75 19 53 134 88 16 94 22 70 66 65 4 97 139 56 143 119 118 124 26 129 104 111 102 99 127 60 62 150 35 86 27 20 12 7 9 117 149 55 83 34 135 140 145 87 125 51 61 25 81 69 73 50 44 114 144 64 40 54 2 116 82 126 95 13 76 33 146 103 37 5 78 52 96 147 39 101 121 107 112 132 29 46 3 136 43 123 115 120 128 41 71 100 14 48 30 85 68 57 77 110 
Odleglosc: 31991
Najlepsza Iteracja 
1 130 92 8 42 122 80 31 89 138 133 148 142 105 67 108 58 28 93 131 47 109 91 98 23 45 32 11 15 17 141 59 74 21 72 113 10 84 36 38 24 18 137 79 106 90 49 6 63 75 19 53 134 88 16 94 22 70 66 65 4 97 139 56 143 119 118 124 26 129 104 111 102 99 127 60 62 150 35 86 27 12 20 7 9 117 149 55 83 34 135 140 145 87 125 51 61 25 81 69 73 50 44 114 144 64 40 54 2 116 82 126 95 13 76 33 146 103 37 5 52 78 96 147 39 101 121 30 112 132 29 46 3 136 43 123 115 120 128 41 71 100 14 48 107 85 68 57 77 110 
Odleglosc: 31709.4

ZAPISANE ITERACJE: 
Iteracja[2000]:
Obecna Iteracja 
1 130 92 8 42 122 80 31 89 138 133 148 142 105 67 108 58 28 93 131 47 109 91 98 23 45 32 11 17 15 59 141 74 21 72 113 10 84 36 38 24 18 137 79 106 90 6 63 49 75 19 134 53 16 88 94 22 70 66 65 4 97 139 56 143 119 118 124 26 129 104 111 102 99 127 60 62 150 35 86 27 12 20 7 9 117 149 55 83 34 135 140 145 87 51 125 61 25 81 69 73 50 44 114 144 64 40 54 2 116 82 126 95 13 76 33 146 103 37 5 52 78 96 147 39 101 121 30 107 112 29 46 3 136 43 123 120 115 128 41 71 100 48 14 132 85 68 57 77 110 
Odleglosc: 31815.3
Najlepsza Iteracja 
1 130 92 8 42 122 80 31 89 138 133 148 142 105 67 108 58 28 93 131 47 109 91 98 23 45 32 11 15 17 141 59 74 21 72 113 10 84 36 38 24 18 137 79 106 90 49 6 63 75 19 53 134 88 16 94 22 70 66 65 4 97 139 56 143 119 118 124 26 129 104 111 102 99 127 60 62 150 35 86 27 12 20 7 9 117 149 55 83 34 135 140 145 87 125 51 61 25 81 69 73 50 44 114 144 64 40 54 2 116 82 126 95 13 76 33 146 103 37 5 52 78 96 147 39 101 121 30 112 132 29 46 3 136 43 123 115 120 128 41 71 100 14 48 107 85 68 57 77 110 
Odleglosc: 31709.4

ZAPISANE ITERACJE: 
Iteracja[3000]:
Obecna Iteracja 
1 130 92 8 42 122 80 31 89 133 138 148 142 105 67 108 58 28 93 131 47 109 91 98 23 45 32 11 15 17 141 59 74 21 72 113 10 84 36 38 24 18 137 79 106 90 49 6 63 75 19 53 134 88 16 94 22 70 66 65 4 97 139 119 143 56 118 124 26 129 104 111 102 99 127 60 62 150 35 27 86 20 12 7 9 117 149 55 83 34 135 140 145 87 125 51 61 25 81 69 73 50 44 114 144 64 40 54 2 116 82 126 95 13 76 33 146 103 37 5 78 52 96 147 39 101 30 121 107 112 29 46 3 136 43 123 115 120 128 41 71 100 48 14 132 85 68 57 77 110 
Odleglosc: 32250.3
Najlepsza Iteracja 
1 130 92 8 42 122 80 31 89 138 133 148 142 105 67 108 58 28 93 131 47 109 91 98 23 45 32 11 15 17 141 59 74 21 72 113 10 84 36 38 24 18 137 79 106 90 49 6 63 75 19 53 134 88 16 94 22 70 66 65 4 97 139 56 143 119 118 124 26 129 104 111 102 99 127 60 62 150 35 86 27 12 20 7 9 117 149 55 83 34 135 140 145 87 125 51 61 25 81 69 73 50 44 114 144 64 40 54 2 116 82 126 95 13 76 33 146 103 37 5 52 78 96 147 39 101 121 30 112 132 29 46 3 136 43 123 115 120 128 41 71 100 14 48 107 85 68 57 77 110 
Odleglosc: 31709.4

L. iteracji | Czas Tabo | Czas dywersyfikacji | L. zmian w dywersyfikacji | Mno¿nik kary Tabo
3500:800:700:18:1.001
31709.4:31709.4
1 130 92 8 42 122 80 31 89 138 133 148 142 105 67 108 58 28 93 131 47 109 91 98 23 45 32 11 15 17 141 59 74 21 72 113 10 84 36 38 24 18 137 79 106 90 49 6 63 75 19 53 134 88 16 94 22 70 66 65 4 97 139 56 143 119 118 124 26 129 104 111 102 99 127 60 62 150 35 86 27 12 20 7 9 117 149 55 83 34 135 140 145 87 125 51 61 25 81 69 73 50 44 114 144 64 40 54 2 116 82 126 95 13 76 33 146 103 37 5 52 78 96 147 39 101 121 30 112 132 29 46 3 136 43 123 115 120 128 41 71 100 14 48 107 85 68 57 77 110 



ZAPISANE ITERACJE: 
Iteracja[5]:
Obecna Iteracja 
1 130 92 8 42 122 80 31 89 133 138 148 142 105 67 108 58 28 93 131 47 109 91 98 23 45 32 11 15 17 141 59 74 21 72 113 10 84 36 38 24 18 137 79 106 90 49 6 63 75 19 53 134 88 16 22 94 70 66 65 4 97 139 56 143 119 118 124 26 129 104 102 111 99 127 60 62 150 86 27 35 20 57 7 9 117 83 55 149 34 135 140 145 87 125 51 61 25 81 69 73 50 44 114 144 64 40 54 2 116 82 126 95 13 33 76 146 103 37 5 78 52 96 39 101 121 30 107 112 132 29 46 3 136 43 123 115 120 128 41 71 100 14 48 147 68 85 12 77 110 
Odleglosc: 32511.1
Najlepsza Iteracja 
1 130 92 8 42 122 80 31 89 133 138 148 142 105 67 108 58 28 93 131 47 109 91 98 23 45 32 11 15 17 141 59 74 21 72 113 10 84 36 38 24 18 137 79 106 90 49 6 63 75 19 53 134 88 16 22 94 70 66 65 4 97 139 56 143 119 118 124 26 129 104 102 111 99 127 60 62 150 86 27 35 20 57 7 9 117 83 55 149 34 135 140 145 87 125 51 61 25 81 69 73 50 44 114 144 64 40 54 2 116 82 126 95 13 33 76 146 103 37 5 78 52 96 39 101 121 30 107 112 132 29 46 3 136 43 123 115 120 128 41 71 100 14 48 147 68 85 12 77 110 
Odleglosc: 32511.1

ZAPISANE ITERACJE: 
Iteracja[10]:
Obecna Iteracja 
1 130 92 8 42 122 80 31 89 133 138 148 142 105 67 108 58 28 93 131 47 109 91 98 23 45 32 11 15 17 141 59 74 21 72 113 10 84 36 38 24 18 137 79 106 90 49 6 63 75 19 53 134 88 16 22 94 70 66 65 4 97 139 56 143 119 118 124 26 129 104 111 102 99 127 60 62 150 35 27 86 20 12 7 9 117 83 55 149 34 135 140 145 87 125 51 61 25 81 69 73 50 44 114 144 64 40 54 2 116 82 126 95 13 76 33 146 103 37 5 78 52 96 39 101 121 30 107 112 132 29 46 3 136 43 123 115 120 128 41 71 100 14 48 147 85 68 57 77 110 
Odleglosc: 32056.1
Najlepsza Iteracja 
1 130 92 8 42 122 80 31 89 133 138 148 142 105 67 108 58 28 93 131 47 109 91 98 23 45 32 11 15 17 141 59 74 21 72 113 10 84 36 38 24 18 137 79 106 90 49 6 63 75 19 53 134 88 16 22 94 70 66 65 4 97 139 56 143 119 118 124 26 129 104 111 102 99 127 60 62 150 35 27 86 20 12 7 9 117 83 55 149 34 135 140 145 87 125 51 61 25 81 69 73 50 44 114 144 64 40 54 2 116 82 126 95 13 76 33 146 103 37 5 78 52 96 39 101 121 30 107 112 132 29 46 3 136 43 123 115 120 128 41 71 100 14 48 147 85 68 57 77 110 
Odleglosc: 32056.1

ZAPISANE ITERACJE: 
Iteracja[20]:
Obecna Iteracja 
1 130 92 8 42 122 80 31 89 138 133 148 142 105 67 108 58 28 93 131 47 109 91 98 23 45 32 11 15 17 141 59 74 21 72 113 10 84 36 38 24 18 137 79 106 90 49 6 63 75 19 53 134 88 16 94 22 70 66 65 4 97 139 56 143 119 118 124 26 129 104 111 102 99 127 60 62 150 35 86 27 20 12 7 9 117 149 55 83 34 135 140 145 87 125 51 61 25 81 69 73 50 44 114 144 64 40 54 2 116 82 126 95 13 76 33 146 103 37 5 52 78 96 147 39 101 121 30 112 132 29 46 3 136 43 123 115 120 128 41 71 100 14 48 107 85 68 57 77 110 
Odleglosc: 31727.4
Najlepsza Iteracja 
1 130 92 8 42 122 80 31 89 138 133 148 142 105 67 108 58 28 93 131 47 109 91 98 23 45 32 11 15 17 141 59 74 21 72 113 10 84 36 38 24 18 137 79 106 90 49 6 63 75 19 53 134 88 16 94 22 70 66 65 4 97 139 56 143 119 118 124 26 129 104 111 102 99 127 60 62 150 35 86 27 20 12 7 9 117 149 55 83 34 135 140 145 87 125 51 61 25 81 69 73 50 44 114 144 64 40 54 2 116 82 126 95 13 76 33 146 103 37 5 52 78 96 147 39 101 121 30 112 132 29 46 3 136 43 123 115 120 128 41 71 100 14 48 107 85 68 57 77 110 
Odleglosc: 31727.4

ZAPISANE ITERACJE: 
Iteracja[50]:
Obecna Iteracja 
1 130 92 8 42 122 80 31 89 138 133 148 142 105 67 108 58 93 28 131 47 109 91 98 23 45 32 11 17 15 59 141 74 21 72 113 10 84 36 38 24 18 137 79 106 90 63 6 49 75 19 53 134 88 16 94 22 70 66 65 4 97 139 56 143 119 118 124 26 129 104 111 102 99 127 60 62 150 35 86 27 12 20 7 9 117 149 55 83 34 135 140 145 87 51 125 61 25 81 69 73 50 44 114 144 64 40 54 2 116 82 126 95 13 76 33 146 103 37 5 52 78 96 147 39 101 30 121 112 132 29 46 3 136 43 123 120 115 128 41 71 100 14 48 107 85 68 57 77 110 
Odleglosc: 31812.5
Najlepsza Iteracja 
1 130 92 8 42 122 80 31 89 138 133 148 142 105 67 108 58 28 93 131 47 109 91 98 23 45 32 11 15 17 141 59 74 21 72 113 10 84 36 38 24 18 137 79 106 90 49 6 63 75 19 53 134 88 16 94 22 70 66 65 4 97 139 56 143 119 118 124 26 129 104 111 102 99 127 60 62 150 35 86 27 12 20 7 9 117 149 55 83 34 135 140 145 87 125 51 61 25 81 69 73 50 44 114 144 64 40 54 2 116 82 126 95 13 76 33 146 103 37 5 52 78 96 147 39 101 121 30 112 132 29 46 3 136 43 123 115 120 128 41 71 100 14 48 107 85 68 57 77 110 
Odleglosc: 31709.4

ZAPISANE ITERACJE: 
Iteracja[100]:
Obecna Iteracja 
1 130 92 8 42 122 80 31 89 138 133 148 142 105 67 108 58 28 93 131 47 109 91 98 23 45 32 11 17 15 59 141 74 21 72 113 10 84 36 38 24 18 137 79 106 90 63 6 49 75 19 53 134 88 16 94 22 70 66 65 4 97 139 56 143 119 118 124 26 129 104 111 102 99 127 60 62 150 35 86 27 12 20 7 9 117 149 55 83 34 135 140 145 87 51 125 61 25 81 69 73 50 44 114 144 64 40 54 2 116 82 126 95 13 76 33 146 103 37 5 52 78 96 147 39 101 30 121 112 132 29 46 3 136 43 123 120 115 128 41 71 14 100 48 107 85 68 57 77 110 
Odleglosc: 31867.8
Najlepsza Iteracja 
1 130 92 8 42 122 80 31 89 138 133 148 142 105 67 108 58 28 93 131 47 109 91 98 23 45 32 11 15 17 141 59 74 21 72 113 10 84 36 38 24 18 137 79 106 90 49 6 63 75 19 53 134 88 16 94 22 70 66 65 4 97 139 56 143 119 118 124 26 129 104 111 102 99 127 60 62 150 35 86 27 12 20 7 9 117 149 55 83 34 135 140 145 87 125 51 61 25 81 69 73 50 44 114 144 64 40 54 2 116 82 126 95 13 76 33 146 103 37 5 52 78 96 147 39 101 121 30 112 132 29 46 3 136 43 123 115 120 128 41 71 100 14 48 107 85 68 57 77 110 
Odleglosc: 31709.4

