ZAPISANE ITERACJE: 
Iteracja[5]:
1 4 3 6 5 2 7 9 10 11 8 12 13 15 16 18 17 14 20 23 24 21 19 22 25 27 28 30 29 26 32 35 36 33 31 34 37 39 40 42 41 38 44 47 48 45 43 46 49 51 52 54 53 50 55 106 104 107 105 103 100 102 101 56 99 96 57 94 97 98 95 93 90 92 91 58 89 86 59 84 87 88 85 83 80 82 81 60 79 76 61 74 77 78 75 72 69 71 73 62 70 66 63 64 67 68 65 
L. iteracji | Czas Tabo | Czas dywersyfikacji | L. zmian w dywersyfikacji | Mno¿nik kary Tabo
3000:20:10:10:1.005
44772.4:44772.4
2 1 4 3 6 5 7 9 10 8 11 12 13 16 15 18 14 17 20 23 24 19 21 22 25 28 27 30 26 29 32 35 36 31 33 34 37 40 39 42 38 41 44 47 48 43 45 46 49 52 51 54 53 50 55 104 106 107 105 103 100 102 101 56 99 57 94 96 97 98 95 93 90 92 91 58 89 59 84 86 87 88 85 83 80 82 81 60 79 61 74 76 77 78 75 72 69 71 73 62 70 63 66 67 68 65 64 
ZAPISANE ITERACJE: 
Iteracja[5]:
1 4 3 6 5 2 7 9 10 11 8 12 13 15 16 18 17 14 20 23 24 21 19 22 25 27 28 30 29 26 32 35 36 33 31 34 37 39 40 42 41 38 44 47 48 45 43 46 49 51 52 54 53 50 55 106 104 107 105 103 100 102 101 56 99 96 57 94 97 98 95 93 90 92 91 58 89 86 59 84 87 88 85 83 80 82 81 60 79 76 61 74 77 78 75 72 69 71 73 62 70 66 63 64 67 68 65 
L. iteracji | Czas Tabo | Czas dywersyfikacji | L. zmian w dywersyfikacji | Mno¿nik kary Tabo
3000:40:10:10:1.005
44772.4:44772.4
2 1 4 3 6 5 7 9 10 8 11 12 13 16 15 18 14 17 20 23 24 19 21 22 25 28 27 30 26 29 32 35 36 31 33 34 37 40 39 42 38 41 44 47 48 43 45 46 49 52 51 54 53 50 55 104 106 107 105 103 100 102 101 56 99 57 94 96 97 98 95 93 90 92 91 58 89 59 84 86 87 88 85 83 80 82 81 60 79 61 74 76 77 78 75 72 69 71 73 62 70 63 66 67 68 65 64 
ZAPISANE ITERACJE: 
Iteracja[5]:
1 4 3 6 5 2 7 9 10 11 8 12 13 15 16 18 17 14 20 23 24 21 19 22 25 27 28 30 29 26 32 35 36 33 31 34 37 39 40 42 41 38 44 47 48 45 43 46 49 51 52 54 53 50 55 106 104 107 105 103 100 102 101 56 99 96 57 94 97 98 95 93 90 92 91 58 89 86 59 84 87 88 85 83 80 82 81 60 79 76 61 74 77 78 75 72 69 71 73 62 70 66 63 64 67 68 65 
ZAPISANE ITERACJE: 
Iteracja[5]:
1 4 3 6 5 2 7 9 10 11 8 12 13 15 16 18 17 14 20 23 24 21 19 22 25 27 28 30 29 26 32 35 36 33 31 34 37 39 40 42 41 38 44 47 48 45 43 46 49 51 52 54 53 50 55 106 104 107 105 103 100 102 101 56 99 96 57 94 97 98 95 93 90 92 91 58 89 86 59 84 87 88 85 83 80 82 81 60 79 76 61 74 77 78 75 72 69 71 73 62 70 66 63 64 67 68 65 
L. iteracji | Czas Tabo | Czas dywersyfikacji | L. zmian w dywersyfikacji | Mno¿nik kary Tabo
3000:40:100:15:1.01
44772.4:44772.4
2 1 4 3 6 5 7 9 10 8 11 12 13 16 15 18 14 17 20 23 24 19 21 22 25 28 27 30 26 29 32 35 36 31 33 34 37 40 39 42 38 41 44 47 48 43 45 46 49 52 51 54 53 50 55 104 106 107 105 103 100 102 101 56 99 57 94 96 97 98 95 93 90 92 91 58 89 59 84 86 87 88 85 83 80 82 81 60 79 61 74 76 77 78 75 72 69 71 73 62 70 63 66 67 68 65 64 
ZAPISANE ITERACJE: 
Iteracja[5]:
Obecna Iteracja 
1 4 3 6 2 5 7 9 10 11 8 12 13 16 15 18 14 17 20 23 24 21 19 22 25 28 27 30 26 29 32 35 36 33 31 34 37 39 40 42 41 38 44 47 48 45 43 46 49 51 52 54 53 50 55 106 104 107 105 103 100 102 101 56 99 96 57 94 97 98 95 93 90 92 91 58 89 86 59 84 87 88 85 83 80 82 81 60 79 76 61 74 77 78 75 72 69 71 73 62 70 66 63 64 67 68 65 
Odleglosc: 45975.2
Najlepsza Iteracja 
1 4 3 6 2 5 7 9 10 11 8 12 13 16 15 18 14 17 20 23 24 21 19 22 25 28 27 30 26 29 32 35 36 33 31 34 37 39 40 42 41 38 44 47 48 45 43 46 49 51 52 54 53 50 55 106 104 107 105 103 100 102 101 56 99 96 57 94 97 98 95 93 90 92 91 58 89 86 59 84 87 88 85 83 80 82 81 60 79 76 61 74 77 78 75 72 69 71 73 62 70 66 63 64 67 68 65 
Odleglosc: 45975.2

ZAPISANE ITERACJE: 
Iteracja[10]:
Obecna Iteracja 
1 4 3 6 2 5 7 9 10 11 8 12 13 16 15 18 14 17 20 23 24 21 19 22 25 28 27 30 26 29 32 35 36 33 31 34 37 40 39 42 38 41 44 47 48 45 43 46 49 52 51 54 53 50 55 106 104 107 105 103 100 102 101 56 99 96 57 94 97 98 95 93 90 92 91 58 89 59 86 84 87 88 85 83 80 82 81 60 79 76 61 74 77 78 75 72 69 71 73 62 70 66 63 64 65 68 67 
Odleglosc: 45488.6
Najlepsza Iteracja 
1 4 3 6 2 5 7 9 10 11 8 12 13 16 15 18 14 17 20 23 24 21 19 22 25 28 27 30 26 29 32 35 36 33 31 34 37 40 39 42 38 41 44 47 48 45 43 46 49 52 51 54 53 50 55 106 104 107 105 103 100 102 101 56 99 96 57 94 97 98 95 93 90 92 91 58 89 59 86 84 87 88 85 83 80 82 81 60 79 76 61 74 77 78 75 72 69 71 73 62 70 66 63 64 65 68 67 
Odleglosc: 45488.6

ZAPISANE ITERACJE: 
Iteracja[20]:
Obecna Iteracja 
1 4 3 6 2 5 7 9 10 8 11 12 13 16 15 18 14 17 20 23 24 19 21 22 25 28 27 30 26 29 32 35 36 31 33 34 37 40 39 42 38 41 44 47 48 43 45 46 49 52 51 54 53 50 55 104 106 107 105 103 100 102 101 56 99 57 96 94 97 98 95 93 90 92 91 58 89 59 86 84 87 88 85 83 80 82 81 60 79 61 76 74 77 78 75 72 69 71 73 62 70 63 66 67 68 65 64 
Odleglosc: 45055.2
Najlepsza Iteracja 
1 4 3 6 2 5 7 9 10 8 11 12 13 16 15 18 14 17 20 23 24 21 19 22 25 28 27 30 26 29 32 35 36 33 31 34 37 40 39 42 38 41 44 47 48 43 45 46 49 52 51 54 53 50 55 106 104 107 105 103 100 102 101 56 99 57 96 94 97 98 95 93 90 92 91 58 89 59 86 84 87 88 85 83 80 82 81 60 79 61 76 74 77 78 75 72 69 71 73 62 70 63 66 67 68 65 64 
Odleglosc: 45055.2

ZAPISANE ITERACJE: 
Iteracja[50]:
Obecna Iteracja 
2 1 4 3 6 5 7 9 10 8 12 11 13 16 15 18 14 17 20 23 24 21 22 19 25 28 27 30 26 29 32 35 36 33 34 31 37 40 39 42 38 41 44 47 48 43 46 45 49 52 51 54 50 53 55 104 106 107 105 100 103 102 99 56 101 57 94 96 97 98 95 93 90 92 91 58 89 59 84 86 87 88 85 82 80 83 79 60 81 61 74 76 77 78 75 71 69 72 70 62 73 63 66 67 68 65 64 
Odleglosc: 46561.2
Najlepsza Iteracja 
2 1 4 3 6 5 7 9 10 8 11 12 13 16 15 18 14 17 20 23 24 19 21 22 25 28 27 30 26 29 32 35 36 31 33 34 37 40 39 42 38 41 44 47 48 43 45 46 49 52 51 54 53 50 55 104 106 107 105 103 100 102 101 56 99 57 94 96 97 98 95 93 90 92 91 58 89 59 84 86 87 88 85 83 80 82 81 60 79 61 74 76 77 78 75 72 69 71 73 62 70 63 66 67 68 65 64 
Odleglosc: 44772.4

ZAPISANE ITERACJE: 
Iteracja[100]:
Obecna Iteracja 
2 1 4 3 6 5 7 9 10 11 12 8 13 16 15 18 14 17 20 23 24 21 22 19 25 28 27 30 26 29 36 33 34 31 32 35 37 40 39 42 38 41 44 47 48 45 46 43 49 52 51 54 50 53 55 104 106 107 105 102 100 103 99 56 101 97 96 57 94 95 98 90 93 92 89 58 91 59 86 84 88 87 85 82 80 83 79 60 81 61 76 74 78 77 75 71 69 72 70 62 73 68 65 67 66 64 63 
Odleglosc: 48422.5
Najlepsza Iteracja 
2 1 4 3 6 5 7 9 10 8 11 12 13 16 15 18 14 17 20 23 24 19 21 22 25 28 27 30 26 29 32 35 36 31 33 34 37 40 39 42 38 41 44 47 48 43 45 46 49 52 51 54 53 50 55 104 106 107 105 103 100 102 101 56 99 57 94 96 97 98 95 93 90 92 91 58 89 59 84 86 87 88 85 83 80 82 81 60 79 61 74 76 77 78 75 72 69 71 73 62 70 63 66 67 68 65 64 
Odleglosc: 44772.4

ZAPISANE ITERACJE: 
Iteracja[500]:
Obecna Iteracja 
2 5 6 3 1 4 9 7 10 11 8 12 16 15 18 17 13 14 20 23 26 29 30 21 24 19 22 27 25 28 32 35 36 31 33 34 40 37 38 41 42 39 43 44 47 48 45 46 49 52 51 54 53 50 55 107 106 104 105 103 99 56 101 102 100 98 95 97 96 94 57 91 58 89 92 93 90 85 88 87 86 59 84 81 60 79 82 83 80 78 75 77 76 61 74 73 62 70 71 72 69 65 68 66 64 67 63 
Odleglosc: 48721.8
Najlepsza Iteracja 
2 1 4 3 6 5 7 9 10 8 11 12 13 16 15 18 14 17 20 23 24 19 21 22 25 28 27 30 26 29 32 35 36 31 33 34 37 40 39 42 38 41 44 47 48 43 45 46 49 52 51 54 53 50 55 104 106 107 105 103 100 102 101 56 99 57 94 96 97 98 95 93 90 92 91 58 89 59 84 86 87 88 85 83 80 82 81 60 79 61 74 76 77 78 75 72 69 71 73 62 70 63 66 67 68 65 64 
Odleglosc: 44772.4

ZAPISANE ITERACJE: 
Iteracja[1000]:
Obecna Iteracja 
81 60 10 7 9 2 5 6 3 1 4 8 11 12 14 17 18 15 13 16 24 19 22 21 20 23 28 27 25 30 29 26 31 33 34 40 37 39 41 38 35 32 36 42 45 46 43 48 49 51 52 54 53 50 44 47 55 104 106 107 105 103 100 102 101 56 99 97 95 98 94 57 96 92 90 93 91 58 89 59 84 87 86 88 85 82 83 80 76 61 74 77 78 75 72 71 62 73 70 66 63 64 67 68 65 69 79 
Odleglosc: 52595.9
Najlepsza Iteracja 
2 1 4 3 6 5 7 9 10 8 11 12 13 16 15 18 14 17 20 23 24 19 21 22 25 28 27 30 26 29 32 35 36 31 33 34 37 40 39 42 38 41 44 47 48 43 45 46 49 52 51 54 53 50 55 104 106 107 105 103 100 102 101 56 99 57 94 96 97 98 95 93 90 92 91 58 89 59 84 86 87 88 85 83 80 82 81 60 79 61 74 76 77 78 75 72 69 71 73 62 70 63 66 67 68 65 64 
Odleglosc: 44772.4

ZAPISANE ITERACJE: 
Iteracja[2000]:
Obecna Iteracja 
81 60 9 7 2 5 6 1 3 4 8 10 11 12 13 14 17 18 15 16 19 20 23 24 21 22 26 29 30 25 27 28 33 34 31 32 36 35 38 41 42 37 39 40 45 46 43 44 48 47 49 51 52 54 53 50 55 107 104 106 105 103 102 101 56 99 100 96 57 97 98 95 94 58 89 91 93 90 92 59 86 84 88 85 87 82 83 80 78 75 71 72 69 68 65 64 63 67 66 73 62 70 76 61 74 77 79 
Odleglosc: 50220.2
Najlepsza Iteracja 
2 1 4 3 6 5 7 9 10 8 11 12 13 16 15 18 14 17 20 23 24 19 21 22 25 28 27 30 26 29 32 35 36 31 33 34 37 40 39 42 38 41 44 47 48 43 45 46 49 52 51 54 53 50 55 104 106 107 105 103 100 102 101 56 99 57 94 96 97 98 95 93 90 92 91 58 89 59 84 86 87 88 85 83 80 82 81 60 79 61 74 76 77 78 75 72 69 71 73 62 70 63 66 67 68 65 64 
Odleglosc: 44772.4

ZAPISANE ITERACJE: 
Iteracja[3000]:
Obecna Iteracja 
81 60 14 11 8 12 10 7 6 3 4 1 2 5 9 13 15 18 17 16 19 20 23 24 21 22 28 25 27 26 29 30 32 35 31 34 33 36 38 41 42 40 37 39 43 46 45 48 44 47 53 49 52 51 54 50 56 104 55 106 107 105 101 99 102 103 100 98 97 96 57 94 95 89 58 91 92 93 90 87 86 59 84 85 88 83 82 80 77 78 75 72 69 65 68 67 64 66 63 62 73 71 70 76 74 61 79 
Odleglosc: 50603.8
Najlepsza Iteracja 
2 1 4 3 6 5 7 9 10 8 11 12 13 16 15 18 14 17 20 23 24 19 21 22 25 28 27 30 26 29 32 35 36 31 33 34 37 40 39 42 38 41 44 47 48 43 45 46 49 52 51 54 53 50 55 104 106 107 105 103 100 102 101 56 99 57 94 96 97 98 95 93 90 92 91 58 89 59 84 86 87 88 85 83 80 82 81 60 79 61 74 76 77 78 75 72 69 71 73 62 70 63 66 67 68 65 64 
Odleglosc: 44772.4

ZAPISANE ITERACJE: 
Iteracja[4000]:
Obecna Iteracja 
83 82 60 14 18 16 15 13 12 8 4 1 3 6 5 2 7 9 10 11 17 20 24 23 19 22 21 27 28 25 30 29 26 35 32 31 34 33 36 38 41 42 37 40 39 44 47 48 43 45 46 51 52 49 54 50 53 55 104 106 107 105 103 102 101 56 99 100 98 95 97 94 57 96 58 91 92 93 90 89 59 84 86 87 88 85 81 79 61 74 62 70 68 65 64 63 66 67 69 72 71 73 75 78 76 77 80 
Odleglosc: 49550.9
Najlepsza Iteracja 
2 1 4 3 6 5 7 9 10 8 11 12 13 16 15 18 14 17 20 23 24 19 21 22 25 28 27 30 26 29 32 35 36 31 33 34 37 40 39 42 38 41 44 47 48 43 45 46 49 52 51 54 53 50 55 104 106 107 105 103 100 102 101 56 99 57 94 96 97 98 95 93 90 92 91 58 89 59 84 86 87 88 85 83 80 82 81 60 79 61 74 76 77 78 75 72 69 71 73 62 70 63 66 67 68 65 64 
Odleglosc: 44772.4

ZAPISANE ITERACJE: 
Iteracja[5000]:
Obecna Iteracja 
81 82 79 60 2 1 3 4 6 5 7 9 10 12 8 11 14 17 18 13 16 15 20 23 24 19 21 22 27 28 25 26 30 29 32 35 36 31 33 34 40 39 37 38 42 41 44 47 48 46 45 43 54 53 51 52 49 50 55 104 106 107 105 101 99 56 102 103 100 98 95 57 96 97 94 58 89 91 92 93 90 88 85 84 59 86 87 83 80 78 74 61 76 62 63 66 64 65 68 67 70 73 71 69 72 75 77 
Odleglosc: 50040.4
Najlepsza Iteracja 
2 1 4 3 6 5 7 9 10 8 11 12 13 16 15 18 14 17 20 23 24 19 21 22 25 28 27 30 26 29 32 35 36 31 33 34 37 40 39 42 38 41 44 47 48 43 45 46 49 52 51 54 53 50 55 104 106 107 105 103 100 102 101 56 99 57 94 96 97 98 95 93 90 92 91 58 89 59 84 86 87 88 85 83 80 82 81 60 79 61 74 76 77 78 75 72 69 71 73 62 70 63 66 67 68 65 64 
Odleglosc: 44772.4

L. iteracji | Czas Tabo | Czas dywersyfikacji | L. zmian w dywersyfikacji | Mno¿nik kary Tabo | Precision | Shuffle try
7000:180:100:10:1.01:10:50
44772.4:44772.4
2 1 4 3 6 5 7 9 10 8 11 12 13 16 15 18 14 17 20 23 24 19 21 22 25 28 27 30 26 29 32 35 36 31 33 34 37 40 39 42 38 41 44 47 48 43 45 46 49 52 51 54 53 50 55 104 106 107 105 103 100 102 101 56 99 57 94 96 97 98 95 93 90 92 91 58 89 59 84 86 87 88 85 83 80 82 81 60 79 61 74 76 77 78 75 72 69 71 73 62 70 63 66 67 68 65 64 



