40:2000:10
8615.21:8715.21
40:2000:10
8980.92:8980.92
40:2000:10
8615.21:8715.21
50:5000:10:100:500
8615.21:8615.21
50:5000:10:500:500
8615.21:8615.21
50:10000:10:1000:1000
8508.71:8508.71
52:20000:10:2000:2000
8615.21:8615.21
52:10000:5:1000:1000
8615.21:8615.21
100:1000:50:1000:1000
8615.21:8615.21
100:100:10:1000:1000
8615.21:8615.21
100:200:10:1000:1000
8615.21:8615.21
100:300:10:1000:1000
8615.21:8615.21
100:1000:10:1000:1000
8615.21:8615.21
100:1000:10:1000:1000
8508.71:8508.71
100:3000:20:1000:1000
8504.03:8504.03
100:10000:20:1000:1000
8504.03:8504.03
100:10000:50:1000:1000
8547.13:8547.13
100:10000:30:1000:1000
8511.56:8511.56
100:10000:25:1000:1000
8520.41:8520.41
100:10000:25:1000:1000
8520.41:8520.41
100:10000:25:1000:1000
8520.41:8520.41
100:10000:25:1000:1000
8520.41:8520.41
100:20000:25:1000:1000
8520.41:8520.41
100:20000:25:1000:1000
8498.51:8498.51
100:1000:20:1000:1000
8504.03:8504.03
100:2000:20:1000:1000
8504.03:8504.03
100:5000:20:1000:1000
8503.43:8503.43
100:5000:50:1000:1000
8516.51:8516.51
100:5000:80:1000:1000
8552.37:8552.37
100:5000:5:1000:1000
8615.21:8615.21
100:5000:20:1000:1000
8503.43:8503.43
100:5000:20:1000:1000
8503.43:8503.43
100:100:10:1000:1000
8615.21:8615.21
100:1000:10:1000:1000
8615.21:8615.21
100:1000:10:1000:1000
8615.21:8615.21
100:10000:20:1000:1000
8503.43:8503.43
100:10000:20:1000:1000
8498.51:8498.51
L. iteracji | Czas Tabo | Czas dywersyfikacji | L. zmian w dywersyfikacji | Mno¿nik kary Tabo
1000:20:10:300:1.001
8519.14:8519.14
21 0 31 48 35 34 33 38 39 36 37 47 23 4 14 5 3 24 45 43 15 49 19 22 30 17 2 44 18 40 7 8 9 42 32 50 11 27 26 25 46 12 13 51 10 28 29 41 1 6 16 20 
ZAPISANE ITERACJE: 
Iteracja[0]:
0 21 48 31 35 34 33 38 39 37 36 47 23 4 14 5 3 24 45 43 15 49 19 22 30 17 2 18 44 40 7 8 9 42 32 50 11 27 26 25 46 12 13 51 10 28 29 20 16 41 6 1 
L. iteracji | Czas Tabo | Czas dywersyfikacji | L. zmian w dywersyfikacji | Mno¿nik kary Tabo
1000:20:10:300:1.001
8519.14:8519.14
21 0 31 48 35 34 33 38 39 36 37 47 23 4 14 5 3 24 45 43 15 49 19 22 30 17 2 44 18 40 7 8 9 42 32 50 11 27 26 25 46 12 13 51 10 28 29 41 1 6 16 20 
ZAPISANE ITERACJE: 
Iteracja[5]:
0 21 48 31 35 34 33 38 39 37 36 47 23 4 14 5 3 24 45 43 15 49 19 22 30 17 2 18 44 40 7 8 9 42 32 50 11 27 26 25 46 12 13 51 10 28 29 20 16 41 6 1 
ZAPISANE ITERACJE: 
Iteracja[10]:
0 21 48 31 35 34 33 38 39 37 36 47 23 4 14 5 3 24 45 43 15 49 19 22 30 17 2 44 18 40 7 8 9 42 32 50 11 27 26 25 46 12 13 51 10 28 29 20 16 41 6 1 
ZAPISANE ITERACJE: 
Iteracja[20]:
21 0 48 31 35 34 33 38 39 37 36 47 23 4 14 5 3 24 45 43 15 49 19 22 30 17 2 44 18 40 7 8 9 42 32 50 11 27 26 25 46 12 13 51 10 28 29 20 16 41 6 1 
L. iteracji | Czas Tabo | Czas dywersyfikacji | L. zmian w dywersyfikacji | Mno¿nik kary Tabo
1000:20:10:300:1.001
8519.14:8519.14
21 0 31 48 35 34 33 38 39 36 37 47 23 4 14 5 3 24 45 43 15 49 19 22 30 17 2 44 18 40 7 8 9 42 32 50 11 27 26 25 46 12 13 51 10 28 29 41 1 6 16 20 
ZAPISANE ITERACJE: 
Iteracja[5]:
1 22 49 32 36 35 34 39 40 38 37 48 24 5 15 6 4 25 46 44 16 50 20 23 31 18 3 19 45 41 8 9 10 43 33 51 12 28 27 26 47 13 14 52 11 29 30 21 17 42 7 2 
ZAPISANE ITERACJE: 
Iteracja[10]:
1 22 49 32 36 35 34 39 40 38 37 48 24 5 15 6 4 25 46 44 16 50 20 23 31 18 3 45 19 41 8 9 10 43 33 51 12 28 27 26 47 13 14 52 11 29 30 21 17 42 7 2 
ZAPISANE ITERACJE: 
Iteracja[20]:
22 1 49 32 36 35 34 39 40 38 37 48 24 5 15 6 4 25 46 44 16 50 20 23 31 18 3 45 19 41 8 9 10 43 33 51 12 28 27 26 47 13 14 52 11 29 30 21 17 42 7 2 
L. iteracji | Czas Tabo | Czas dywersyfikacji | L. zmian w dywersyfikacji | Mno¿nik kary Tabo
5000:20:10:100:1.001
8519.14:8519.14
22 1 32 49 36 35 34 39 40 37 38 48 24 5 15 6 4 25 46 44 16 50 20 23 31 18 3 45 19 41 8 9 10 43 33 51 12 28 27 26 47 13 14 52 11 29 30 42 2 7 17 21 
ZAPISANE ITERACJE: 
Iteracja[5]:
1 22 49 32 36 35 34 39 40 38 37 48 24 5 15 6 4 25 46 44 16 50 20 23 31 18 3 19 45 41 8 9 10 43 33 51 12 28 27 26 47 13 14 52 11 29 30 21 17 42 7 2 
L. iteracji | Czas Tabo | Czas dywersyfikacji | L. zmian w dywersyfikacji | Mno¿nik kary Tabo
1000:40:10:10:1.005
8504.19:8504.19
18 22 1 49 36 35 34 39 40 37 38 48 24 5 15 6 4 25 46 44 16 50 20 23 21 31 32 45 19 41 8 9 10 43 33 51 12 28 27 26 47 13 14 52 11 29 30 2 7 42 17 3 
ZAPISANE ITERACJE: 
Iteracja[5]:
1 22 49 32 36 35 34 39 40 38 37 48 24 5 15 6 4 25 46 44 16 50 20 23 31 18 3 19 45 41 8 9 10 43 33 51 12 28 27 26 47 13 14 52 11 29 30 21 17 42 7 2 
L. iteracji | Czas Tabo | Czas dywersyfikacji | L. zmian w dywersyfikacji | Mno¿nik kary Tabo
500:40:100:15:1.01
8501.92:8501.92
3 18 31 22 36 35 34 39 40 37 38 48 24 6 5 15 4 25 46 44 16 50 20 23 1 49 32 45 19 41 8 9 10 43 33 51 12 28 27 26 47 13 14 52 11 29 30 2 7 42 21 17 
ZAPISANE ITERACJE: 
Iteracja[5]:
1 22 49 32 36 35 34 39 40 38 37 48 24 5 15 6 4 25 46 44 16 50 20 23 31 18 3 19 45 41 8 9 10 43 33 51 12 28 27 26 47 13 14 52 11 29 30 21 17 42 7 2 
L. iteracji | Czas Tabo | Czas dywersyfikacji | L. zmian w dywersyfikacji | Mno¿nik kary Tabo
5000:40:100:10:1.01
8478.17:8478.17
3 18 31 44 34 35 36 39 37 40 38 24 48 5 15 6 4 25 46 16 50 20 23 22 1 49 32 45 19 41 8 9 10 43 33 51 12 28 27 26 47 13 14 52 11 29 30 2 7 42 21 17 
ZAPISANE ITERACJE: 
Iteracja[5]:
1 22 49 32 36 35 34 39 40 38 37 48 24 5 15 6 4 25 46 44 16 50 20 23 31 18 3 19 45 41 8 9 10 43 33 51 12 28 27 26 47 13 14 52 11 29 30 21 17 42 7 2 
L. iteracji | Czas Tabo | Czas dywersyfikacji | L. zmian w dywersyfikacji | Mno¿nik kary Tabo
5000:20:200:5:1.05
8503.43:8503.43
18 22 1 49 36 35 34 39 40 38 37 48 24 5 15 6 4 25 46 44 16 50 20 23 21 31 32 45 19 41 8 9 10 43 33 51 12 28 27 26 47 14 13 52 11 29 30 42 2 7 17 3 
ZAPISANE ITERACJE: 
Iteracja[5]:
1 22 49 32 36 35 34 39 40 38 37 48 24 5 15 6 4 25 46 44 16 50 20 23 31 18 3 19 45 41 8 9 10 43 33 51 12 28 27 26 47 13 14 52 11 29 30 21 17 42 7 2 
L. iteracji | Czas Tabo | Czas dywersyfikacji | L. zmian w dywersyfikacji | Mno¿nik kary Tabo
5000:20:200:10:1.01
8498.51:8498.51
18 22 1 49 36 35 34 39 40 37 38 48 24 5 15 6 4 25 46 44 16 50 20 23 21 31 32 45 19 41 8 9 10 43 33 51 12 28 27 26 47 13 14 52 11 29 30 42 2 7 17 3 
ZAPISANE ITERACJE: 
Iteracja[5]:
1 22 49 32 36 35 34 39 40 38 37 48 24 5 15 6 4 25 46 44 16 50 20 23 31 18 3 19 45 41 8 9 10 43 33 51 12 28 27 26 47 13 14 52 11 29 30 21 17 42 7 2 
L. iteracji | Czas Tabo | Czas dywersyfikacji | L. zmian w dywersyfikacji | Mno¿nik kary Tabo
5000:30:100:10:1.005
8498.51:8498.51
18 22 1 49 36 35 34 39 40 37 38 48 24 5 15 6 4 25 46 44 16 50 20 23 21 31 32 45 19 41 8 9 10 43 33 51 12 28 27 26 47 13 14 52 11 29 30 42 2 7 17 3 
ZAPISANE ITERACJE: 
Iteracja[5]:
1 22 49 32 36 35 34 39 40 38 37 48 24 5 15 6 4 25 46 44 16 50 20 23 31 18 3 19 45 41 8 9 10 43 33 51 12 28 27 26 47 13 14 52 11 29 30 21 17 42 7 2 
L. iteracji | Czas Tabo | Czas dywersyfikacji | L. zmian w dywersyfikacji | Mno¿nik kary Tabo
5000:40:100:20:1.01
8478.17:8478.17
3 18 31 44 34 35 36 39 37 40 38 24 48 5 15 6 4 25 46 16 50 20 23 22 1 49 32 45 19 41 8 9 10 43 33 51 12 28 27 26 47 13 14 52 11 29 30 2 7 42 21 17 
ZAPISANE ITERACJE: 
Iteracja[5]:
1 22 49 32 36 35 34 39 40 38 37 48 24 5 15 6 4 25 46 44 16 50 20 23 31 18 3 19 45 41 8 9 10 43 33 51 12 28 27 26 47 13 14 52 11 29 30 21 17 42 7 2 
L. iteracji | Czas Tabo | Czas dywersyfikacji | L. zmian w dywersyfikacji | Mno¿nik kary Tabo
5000:40:100:20:1.01
8478.17:8478.17
3 18 31 44 34 35 36 39 37 40 38 24 48 5 15 6 4 25 46 16 50 20 23 22 1 49 32 45 19 41 8 9 10 43 33 51 12 28 27 26 47 13 14 52 11 29 30 2 7 42 21 17 
ZAPISANE ITERACJE: 
Iteracja[5]:
1 22 49 32 36 35 34 39 40 38 37 48 24 5 15 6 4 25 46 44 16 50 20 23 31 18 3 19 45 41 8 9 10 43 33 51 12 28 27 26 47 13 14 52 11 29 30 21 17 42 7 2 
L. iteracji | Czas Tabo | Czas dywersyfikacji | L. zmian w dywersyfikacji | Mno¿nik kary Tabo
5000:80:100:20:1.01
8288.99:8288.99
23 20 50 16 44 46 25 4 5 15 6 24 48 38 40 37 34 35 39 36 49 32 1 22 31 18 3 45 19 41 8 9 10 43 33 51 12 28 27 13 14 52 11 26 47 29 30 42 7 2 17 21 
ZAPISANE ITERACJE: 
Iteracja[5]:
1 22 49 32 36 35 34 39 40 38 37 48 24 5 15 6 4 25 46 44 16 50 20 23 31 18 3 19 45 41 8 9 10 43 33 51 12 28 27 26 47 13 14 52 11 29 30 21 17 42 7 2 
L. iteracji | Czas Tabo | Czas dywersyfikacji | L. zmian w dywersyfikacji | Mno¿nik kary Tabo
5000:150:100:20:1.01
8200.08:8200.08
3 18 31 22 1 23 20 50 16 46 25 4 6 15 5 38 24 48 37 39 40 34 36 44 35 49 32 45 19 41 8 9 10 43 33 51 12 28 11 52 14 13 27 26 47 29 30 42 2 7 21 17 
