ZAPISANE ITERACJE: 
Iteracja[5]:
Obecna Iteracja 
27 32 11 38 5 49 9 50 16 2 29 21 34 30 10 39 33 45 15 44 37 17 4 18 47 12 46 51 6 48 23 14 25 13 41 19 40 42 24 43 7 26 8 31 28 3 36 35 20 22 1 
Odleglosc: 472.29
Najlepsza Iteracja 
27 32 11 38 5 49 9 50 16 2 29 21 34 30 10 39 33 45 15 44 37 17 4 18 47 12 46 51 6 48 23 14 25 13 41 19 40 42 24 43 7 26 8 31 28 3 36 35 20 22 1 
Odleglosc: 472.29

ZAPISANE ITERACJE: 
Iteracja[10]:
Obecna Iteracja 
27 32 11 38 5 49 9 50 16 2 29 21 34 30 39 10 33 45 15 44 37 17 4 18 47 12 46 51 6 23 43 24 25 13 41 40 19 42 14 48 7 26 8 31 28 3 36 35 20 22 1 
Odleglosc: 477.497
Najlepsza Iteracja 
27 32 11 38 5 49 9 50 16 2 29 21 34 30 10 39 33 45 15 44 37 17 4 18 47 12 46 51 6 48 23 14 25 13 41 40 19 42 24 43 7 26 8 31 28 3 36 35 20 22 1 
Odleglosc: 471.424

ZAPISANE ITERACJE: 
Iteracja[20]:
Obecna Iteracja 
27 32 11 5 38 49 9 50 16 2 29 21 34 30 39 10 33 45 44 15 37 17 4 18 47 12 51 46 23 7 43 24 25 13 41 40 19 42 14 6 48 8 26 31 28 36 35 20 3 22 1 
Odleglosc: 484.36
Najlepsza Iteracja 
27 32 11 38 5 49 9 50 16 2 29 21 34 30 39 10 33 45 15 44 37 17 4 18 47 12 46 51 23 7 43 24 25 13 41 40 19 42 14 6 48 8 26 31 28 3 36 35 20 22 1 
Odleglosc: 470.434

ZAPISANE ITERACJE: 
Iteracja[50]:
Obecna Iteracja 
27 32 11 38 5 49 9 16 50 2 29 21 34 30 39 10 33 45 44 15 37 17 4 18 47 12 51 46 23 7 43 24 14 41 42 40 19 13 25 6 48 8 26 31 28 3 36 35 20 22 1 
Odleglosc: 493.509
Najlepsza Iteracja 
27 32 11 38 5 49 9 50 16 2 29 21 34 30 39 10 33 45 15 44 37 17 4 18 47 12 46 51 23 7 43 24 25 13 41 40 19 42 14 6 48 8 26 31 28 3 36 35 20 22 1 
Odleglosc: 470.434

ZAPISANE ITERACJE: 
Iteracja[100]:
Obecna Iteracja 
27 32 11 38 5 49 9 50 16 2 29 21 34 30 10 39 33 45 44 15 37 17 4 18 47 12 51 46 23 7 43 24 42 19 40 41 13 25 14 6 48 8 26 31 28 3 36 35 20 22 1 
Odleglosc: 479.12
Najlepsza Iteracja 
27 32 11 38 5 49 9 50 16 2 29 21 34 30 39 10 33 45 15 44 37 17 4 18 47 12 46 51 23 7 43 24 25 13 41 40 19 42 14 6 48 8 26 31 28 3 36 35 20 22 1 
Odleglosc: 470.434

ZAPISANE ITERACJE: 
Iteracja[500]:
Obecna Iteracja 
1 32 11 5 38 49 9 50 16 2 29 21 34 30 10 39 33 45 15 44 37 17 4 18 47 12 51 46 27 48 6 42 40 19 41 13 25 14 24 43 7 23 8 26 31 28 3 35 36 20 22 
Odleglosc: 467.348
Najlepsza Iteracja 
1 32 11 38 5 49 9 50 16 2 29 21 34 30 39 10 33 45 15 44 37 17 4 18 47 12 46 51 27 48 6 42 40 19 41 13 25 14 24 43 7 23 26 8 31 28 3 36 35 20 22 
Odleglosc: 457.761

ZAPISANE ITERACJE: 
Iteracja[1000]:
Obecna Iteracja 
2 22 1 32 11 38 9 50 16 21 34 30 39 33 45 15 44 42 19 40 41 13 25 47 12 51 46 6 23 7 43 24 14 18 4 17 37 5 10 49 27 48 26 8 31 28 3 36 35 20 29 
Odleglosc: 481.536
Najlepsza Iteracja 
1 32 11 38 5 49 9 50 16 2 29 21 34 30 39 10 33 45 15 44 37 17 4 18 47 12 46 51 27 48 6 42 40 19 41 13 25 14 24 43 7 23 26 8 31 28 3 36 35 20 22 
Odleglosc: 457.761

ZAPISANE ITERACJE: 
Iteracja[2000]:
Obecna Iteracja 
29 22 1 32 11 16 21 34 30 9 50 49 10 39 33 45 15 44 42 40 19 41 13 4 17 47 18 25 14 24 43 7 23 6 51 46 12 37 5 38 27 48 8 26 31 28 3 36 35 20 2 
Odleglosc: 479.279
Najlepsza Iteracja 
1 32 11 38 5 49 9 50 16 2 29 21 34 30 39 10 33 45 15 44 37 17 4 18 47 12 46 51 27 48 6 42 40 19 41 13 25 14 24 43 7 23 26 8 31 28 3 36 35 20 22 
Odleglosc: 457.761

ZAPISANE ITERACJE: 
Iteracja[3000]:
Obecna Iteracja 
26 8 22 2 29 21 50 16 9 34 30 39 10 33 15 45 44 42 40 19 41 13 25 14 18 4 17 37 12 47 6 24 43 7 23 48 27 46 51 5 49 38 11 32 1 20 35 36 3 28 31 
Odleglosc: 474.641
Najlepsza Iteracja 
1 32 11 38 5 49 9 50 16 2 29 21 34 30 39 10 33 45 15 44 37 17 4 18 47 12 46 51 27 48 6 42 40 19 41 13 25 14 24 43 7 23 26 8 31 28 3 36 35 20 22 
Odleglosc: 457.761

ZAPISANE ITERACJE: 
Iteracja[4000]:
Obecna Iteracja 
3 35 36 20 29 16 9 50 21 34 30 39 10 33 45 15 44 42 40 19 41 13 14 6 46 47 51 32 27 48 23 7 43 24 25 18 4 17 37 12 5 49 38 11 2 22 1 8 26 31 28 
Odleglosc: 479.559
Najlepsza Iteracja 
3 36 35 20 29 21 16 9 50 34 30 10 39 33 45 15 44 42 19 40 41 13 25 14 6 51 46 32 27 48 23 7 43 24 18 4 47 12 17 37 5 49 38 11 2 22 1 8 26 31 28 
Odleglosc: 456.86

ZAPISANE ITERACJE: 
Iteracja[5000]:
Obecna Iteracja 
3 36 35 20 29 21 16 9 50 34 39 30 10 33 45 15 44 42 19 40 41 13 4 47 12 51 46 32 27 48 6 23 7 43 24 25 14 18 17 37 5 49 38 11 2 1 22 8 26 31 28 
Odleglosc: 469.754
Najlepsza Iteracja 
3 36 35 20 29 21 34 50 16 9 30 10 39 33 45 15 44 42 19 40 41 13 18 47 12 46 51 32 27 6 48 23 7 43 24 14 25 4 17 37 5 49 38 11 2 22 1 8 26 31 28 
Odleglosc: 452.304

ZAPISANE ITERACJE: 
Iteracja[6000]:
Obecna Iteracja 
3 35 36 20 29 21 16 50 34 9 30 39 10 33 45 15 44 42 40 19 41 13 25 47 12 46 51 32 27 48 6 23 7 43 24 14 18 4 17 37 5 49 38 11 2 22 1 8 26 31 28 
Odleglosc: 464.533
Najlepsza Iteracja 
3 36 35 20 29 21 34 50 16 9 30 10 39 33 45 15 44 42 19 40 41 13 18 47 12 46 51 32 27 6 48 23 7 43 24 14 25 4 17 37 5 49 38 11 2 22 1 8 26 31 28 
Odleglosc: 452.304

ZAPISANE ITERACJE: 
Iteracja[7000]:
Obecna Iteracja 
28 31 26 8 1 32 22 2 16 9 50 39 10 33 45 15 44 42 40 19 41 13 18 4 17 37 12 47 46 51 48 23 7 43 24 25 14 6 27 11 38 5 49 30 34 21 29 20 35 36 3 
Odleglosc: 473.764
Najlepsza Iteracja 
3 36 35 20 29 21 50 34 30 9 49 10 39 33 45 15 44 42 19 40 41 13 18 47 12 46 51 32 27 48 6 23 7 43 24 14 25 4 17 37 5 38 11 16 2 1 22 8 26 31 28 
Odleglosc: 451.701

L. iteracji | Czas Tabo | Czas dywersyfikacji | L. zmian w dywersyfikacji | Mno¿nik kary Tabo | Precision | Shuffle try
14000:90:100:10:1.01:30:250
445.643:445.643
28 31 26 8 48 1 22 2 16 34 30 10 39 33 45 15 44 42 40 19 41 13 4 17 37 12 47 18 25 14 24 43 7 23 6 27 51 46 32 11 38 5 49 9 50 21 29 20 35 36 3 



